1575 173.000000 122.000000 270.000000 197.000000 1214.340964 
1576 176.000000 115.000000 267.000000 181.000000 1571.585854 
1577 176.000000 108.000000 264.000000 169.000000 1929.077097 
1578 170.000000 88.000000 275.000000 153.000000 2360.055737 
1579 169.000000 88.000000 271.000000 144.000000 2727.152992 
1580 171.000000 80.000000 266.000000 130.000000 3128.389531 
1581 171.000000 75.000000 260.000000 131.000000 3516.232789 
1582 171.000000 73.000000 263.000000 130.000000 3899.101237 
1583 181.000000 75.000000 265.000000 131.000000 4359.174321 
1584 170.000000 67.000000 260.000000 121.000000 4762.533019 
1585 171.000000 69.000000 274.000000 124.000000 5167.926375 
1586 173.000000 67.000000 264.000000 124.000000 5585.144641 
1587 170.000000 65.000000 269.000000 118.000000 5975.873205 
1588 171.000000 55.000000 264.000000 124.000000 6408.367526 
1589 175.000000 66.000000 274.000000 120.000000 6801.743556 
1590 174.000000 66.000000 281.000000 129.000000 7182.406365 
1591 178.000000 67.000000 282.000000 130.000000 7605.078368 
1592 177.000000 67.000000 286.000000 125.000000 8093.373114 
1593 178.000000 65.000000 284.000000 118.000000 8579.144336 
1594 176.000000 53.000000 281.000000 130.000000 9031.439335 
1595 176.000000 51.000000 275.000000 121.000000 9433.536993 
1596 181.000000 61.000000 272.000000 136.000000 9871.214830 
1597 174.000000 52.000000 271.000000 136.000000 10266.358910 
1598 168.000000 51.000000 276.000000 128.000000 10793.722247 
1599 176.000000 68.000000 276.000000 135.000000 11192.587212 
1600 182.000000 69.000000 276.000000 132.000000 11703.103854 
1601 182.000000 70.000000 276.000000 134.000000 12088.414272 
1602 181.000000 67.000000 276.000000 138.000000 12603.369976 
1603 180.000000 71.000000 273.000000 144.000000 13022.145484 
1604 180.000000 70.000000 269.000000 148.000000 13573.851207 
1605 180.000000 70.000000 275.000000 145.000000 14058.227505 
1606 174.000000 64.000000 276.000000 143.000000 14598.405356 
1607 176.000000 51.000000 279.000000 142.000000 15150.460750 
1608 175.000000 66.000000 277.000000 141.000000 15679.902660 
1609 175.000000 70.000000 271.000000 147.000000 16142.001267 
1610 175.000000 70.000000 262.000000 156.000000 16582.133533 
1611 181.000000 71.000000 263.000000 151.000000 16934.429482 
1612 177.000000 70.000000 265.000000 154.000000 17300.749794 
1613 178.000000 70.000000 271.000000 175.000000 17623.263918 
1614 176.000000 66.000000 269.000000 175.000000 18004.218697 
1615 176.000000 68.000000 265.000000 171.000000 18394.872235 
1616 176.000000 73.000000 263.000000 171.000000 18779.977486 
1617 180.000000 76.000000 264.000000 163.000000 19154.647448 
1618 181.000000 78.000000 272.000000 162.000000 19504.742482 
1619 185.000000 75.000000 278.000000 161.000000 19848.067739 
1620 189.000000 78.000000 277.000000 160.000000 20193.138837 
1621 181.000000 81.000000 276.000000 155.000000 20571.483347 
1622 188.000000 77.000000 270.000000 157.000000 20949.750538 
1623 197.000000 89.000000 272.000000 152.000000 21323.537306 
1624 200.000000 91.000000 273.000000 153.000000 21704.117643 
1625 198.000000 93.000000 272.000000 153.000000 22080.301290 
1626 196.000000 94.000000 269.000000 157.000000 22581.852051 
1627 190.000000 76.000000 274.000000 158.000000 23149.758544 
1628 200.000000 95.000000 261.000000 164.000000 23599.864407 
1629 194.000000 73.000000 272.000000 165.000000 23974.108477 
1630 201.000000 96.000000 264.000000 162.000000 24351.100976 
1631 203.000000 87.000000 270.000000 162.000000 24725.606728 
1632 207.000000 103.000000 264.000000 164.000000 25075.754453 
1633 202.000000 92.000000 267.000000 162.000000 25455.573000 
1634 199.000000 95.000000 269.000000 161.000000 25825.561796 
1635 195.000000 97.000000 263.000000 166.000000 26205.092802 
1636 199.000000 95.000000 269.000000 162.000000 26576.895564 
1637 202.000000 91.000000 269.000000 162.000000 26957.176128 
1638 204.000000 91.000000 267.000000 164.000000 27337.015612 
1639 201.000000 82.000000 282.000000 162.000000 27716.529675 
1640 195.000000 85.000000 276.000000 161.000000 28087.433304 
1641 193.000000 84.000000 281.000000 158.000000 28457.090557 
1642 200.000000 99.000000 280.000000 157.000000 28827.939986 
1643 190.000000 85.000000 276.000000 159.000000 29198.523840 
1644 206.000000 93.000000 271.000000 162.000000 29555.519518 
1645 204.000000 105.000000 262.000000 174.000000 29929.901280 
1646 204.000000 108.000000 264.000000 169.000000 30300.404173 
1647 203.000000 92.000000 268.000000 164.000000 30669.101851 
1648 197.000000 93.000000 268.000000 161.000000 31038.215457 
1649 195.000000 92.000000 260.000000 167.000000 31406.918380 
1650 190.000000 91.000000 262.000000 163.000000 31777.546431 
1651 205.000000 96.000000 261.000000 164.000000 32154.015181 
1652 205.000000 94.000000 265.000000 160.000000 32528.961374 
1653 191.000000 88.000000 255.000000 163.000000 32899.207238 
1654 193.000000 91.000000 262.000000 163.000000 33277.322792 
1655 193.000000 92.000000 262.000000 164.000000 33647.681795 
1656 204.000000 103.000000 260.000000 164.000000 34014.353576 
1657 195.000000 101.000000 258.000000 169.000000 34382.163024 
1658 188.000000 96.000000 251.000000 168.000000 34755.862279 
1659 194.000000 100.000000 251.000000 165.000000 35137.330117 
1660 180.000000 103.000000 260.000000 165.000000 35526.774638 
1661 193.000000 109.000000 245.000000 176.000000 35896.622073 
1662 200.000000 113.000000 253.000000 166.000000 36273.994286 
1663 191.000000 102.000000 248.000000 166.000000 36646.239437 
1664 192.000000 96.000000 258.000000 165.000000 37016.587191 
1665 182.000000 109.000000 236.000000 171.000000 37387.951405 
1666 195.000000 107.000000 245.000000 178.000000 37757.606380 
1667 190.000000 105.000000 242.000000 171.000000 38137.304578 
1668 194.000000 113.000000 242.000000 170.000000 38511.518000 
1669 195.000000 111.000000 247.000000 167.000000 38860.167240 
1670 194.000000 109.000000 240.000000 167.000000 39229.455967 
1671 193.000000 108.000000 235.000000 174.000000 39588.509977 
1672 194.000000 110.000000 240.000000 168.000000 39950.119567 
1673 193.000000 112.000000 248.000000 167.000000 40322.391730 
1674 195.000000 111.000000 248.000000 166.000000 40682.130041 
1675 194.000000 113.000000 236.000000 179.000000 41045.836836 
1676 187.000000 104.000000 238.000000 171.000000 41415.180979 
1677 195.000000 116.000000 229.000000 182.000000 41732.569208 
1678 195.000000 109.000000 231.000000 173.000000 42101.344416 
1679 195.000000 112.000000 231.000000 179.000000 42473.264605 
1680 195.000000 110.000000 230.000000 177.000000 42843.653234 
1681 195.000000 109.000000 233.000000 176.000000 43214.149513 
1682 195.000000 110.000000 233.000000 176.000000 43584.947202 
1683 195.000000 110.000000 235.000000 179.000000 43945.382296 
1684 196.000000 111.000000 230.000000 182.000000 44306.080828 
1685 195.000000 111.000000 230.000000 182.000000 44624.545413 
1686 185.000000 97.000000 230.000000 179.000000 44996.357884 
1687 196.000000 114.000000 220.000000 184.000000 45363.470809 
1688 184.000000 98.000000 229.000000 181.000000 45732.646765 
1689 193.000000 114.000000 228.000000 185.000000 46103.890427 
1690 194.000000 113.000000 227.000000 183.000000 46474.239979 
1691 193.000000 114.000000 220.000000 188.000000 46830.640908 
1692 192.000000 113.000000 233.000000 187.000000 47143.597009 
1693 190.000000 113.000000 234.000000 186.000000 47476.351995 
1694 193.000000 112.000000 -10.000000 -10.000000 47807.803687 
1695 187.000000 110.000000 206.000000 197.000000 48614.787405 
1696 190.000000 111.000000 210.000000 198.000000 48980.312659 
1697 191.000000 109.000000 212.000000 194.000000 49351.284090 
1698 194.000000 109.000000 224.000000 191.000000 49682.811593 
1699 193.000000 110.000000 211.000000 195.000000 50031.665503 
1700 193.000000 107.000000 223.000000 192.000000 50343.456093 
1701 192.000000 106.000000 219.000000 190.000000 50721.573855 
1702 193.000000 106.000000 221.000000 192.000000 51082.290339 
1703 193.000000 105.000000 262.000000 205.000000 51452.710527 
1704 184.000000 90.000000 264.000000 209.000000 51833.687077 
1705 194.000000 105.000000 265.000000 212.000000 52221.532803 
1706 193.000000 109.000000 259.000000 210.000000 52596.610396 
1707 198.000000 106.000000 228.000000 200.000000 52969.863775 
1708 195.000000 107.000000 237.000000 197.000000 53288.417312 
1709 193.000000 107.000000 243.000000 209.000000 53611.870098 
1710 198.000000 107.000000 247.000000 213.000000 53999.466253 
1711 196.000000 108.000000 247.000000 217.000000 54391.810438 
1712 196.000000 110.000000 263.000000 205.000000 54764.563275 
1713 197.000000 108.000000 266.000000 211.000000 55107.550101 
1714 196.000000 112.000000 262.000000 215.000000 55487.571719 
1715 195.000000 110.000000 277.000000 220.000000 55864.381662 
1716 194.000000 110.000000 277.000000 220.000000 56245.794734 
1717 196.000000 108.000000 262.000000 216.000000 56626.068470 
1718 196.000000 114.000000 262.000000 219.000000 56947.097614 
1719 195.000000 110.000000 262.000000 220.000000 57319.221555 
1720 180.000000 113.000000 262.000000 229.000000 57639.692418 
1721 196.000000 115.000000 266.000000 224.000000 58015.956034 
1722 196.000000 118.000000 275.000000 233.000000 58397.454721 
1723 195.000000 117.000000 283.000000 234.000000 58740.535025 
1724 192.000000 118.000000 -10.000000 -10.000000 59090.241751 
1725 197.000000 120.000000 267.000000 231.000000 59904.145936 
1726 198.000000 121.000000 -10.000000 -10.000000 60275.055425 
1727 196.000000 119.000000 264.000000 228.000000 61086.013342 
1728 199.000000 121.000000 264.000000 219.000000 61402.798938 
1729 197.000000 114.000000 261.000000 216.000000 61724.752208 
1730 196.000000 106.000000 264.000000 204.000000 62047.296718 
1731 198.000000 112.000000 267.000000 205.000000 62366.206844 
1732 202.000000 111.000000 265.000000 197.000000 62718.088998 
1733 200.000000 109.000000 -10.000000 -10.000000 63113.287034 
1734 205.000000 114.000000 283.000000 167.000000 64276.763728 
1735 205.000000 115.000000 -10.000000 -10.000000 64576.230134 
1736 200.000000 113.000000 -10.000000 -10.000000 65146.390709 
1737 199.000000 113.000000 -10.000000 -10.000000 65723.707406 
1738 204.000000 117.000000 -10.000000 -10.000000 66290.523219 
1739 198.000000 111.000000 -10.000000 -10.000000 66869.696005 
1740 200.000000 111.000000 289.000000 136.000000 67441.209880 
1741 205.000000 115.000000 294.000000 137.000000 67814.408666 
1742 204.000000 116.000000 294.000000 145.000000 68159.733375 
1743 205.000000 114.000000 -10.000000 -10.000000 68520.925098 
1744 199.000000 114.000000 -10.000000 -10.000000 69346.702093 
1745 201.000000 112.000000 295.000000 154.000000 70196.455973 
1746 205.000000 114.000000 257.000000 190.000000 70575.318339 
1747 201.000000 116.000000 295.000000 162.000000 71108.594384 
1748 204.000000 116.000000 301.000000 155.000000 71801.909326 
1749 201.000000 113.000000 289.000000 161.000000 72506.622369 
1750 204.000000 115.000000 295.000000 160.000000 73110.884865 
1751 199.000000 114.000000 295.000000 163.000000 73690.556226 
1752 200.000000 116.000000 294.000000 170.000000 74294.708338 
1753 201.000000 118.000000 282.000000 168.000000 74901.818336 
1754 199.000000 120.000000 286.000000 167.000000 75599.375803 
1755 206.000000 117.000000 290.000000 169.000000 76296.969435 
1756 198.000000 118.000000 270.000000 170.000000 76963.324124 
1757 197.000000 118.000000 279.000000 166.000000 77664.587996 
1758 198.000000 112.000000 281.000000 171.000000 78271.708434 
1759 197.000000 118.000000 276.000000 199.000000 78958.250588 
1760 197.000000 119.000000 277.000000 200.000000 79613.502383 
1761 195.000000 116.000000 278.000000 200.000000 80252.513699 
1762 194.000000 114.000000 279.000000 200.000000 80880.005682 
1763 195.000000 116.000000 263.000000 178.000000 81517.146372 
1764 193.000000 113.000000 282.000000 197.000000 82036.993247 
1765 194.000000 112.000000 267.000000 174.000000 82666.088172 
1766 197.000000 114.000000 -10.000000 -10.000000 83341.046110 
1767 196.000000 110.000000 246.000000 185.000000 84403.672644 
1768 196.000000 112.000000 277.000000 201.000000 85053.863059 
1769 196.000000 111.000000 287.000000 197.000000 85716.445590 
1770 196.000000 108.000000 261.000000 186.000000 86205.732544 
1771 195.000000 112.000000 258.000000 184.000000 86707.961286 
1772 194.000000 110.000000 256.000000 169.000000 87215.201932 
1773 193.000000 116.000000 283.000000 171.000000 87880.700658 
1774 187.000000 104.000000 279.000000 166.000000 88809.724341 
1775 199.000000 118.000000 290.000000 167.000000 89223.017411 
1776 193.000000 111.000000 260.000000 184.000000 89689.983484 
1777 194.000000 118.000000 258.000000 184.000000 90535.470128 
1778 191.000000 110.000000 288.000000 163.000000 91117.219776 
1779 197.000000 116.000000 256.000000 185.000000 91763.908112 
1780 193.000000 113.000000 250.000000 181.000000 92387.238904 
1781 187.000000 101.000000 254.000000 186.000000 92993.834964 
1782 195.000000 112.000000 284.000000 157.000000 93664.719069 
1783 194.000000 111.000000 288.000000 163.000000 94319.976141 
1784 197.000000 114.000000 279.000000 165.000000 94946.683567 
1785 190.000000 108.000000 282.000000 192.000000 95423.969233 
1786 197.000000 109.000000 261.000000 195.000000 95988.220315 
1787 190.000000 106.000000 274.000000 195.000000 96578.840742 
1788 191.000000 110.000000 274.000000 194.000000 97021.530965 
1789 190.000000 110.000000 274.000000 194.000000 97658.842972 
1790 189.000000 107.000000 272.000000 195.000000 98282.077475 
1791 190.000000 110.000000 273.000000 196.000000 98929.473294 
1792 193.000000 110.000000 269.000000 195.000000 99380.267554 
1793 188.000000 108.000000 268.000000 197.000000 99929.639038 
1794 189.000000 112.000000 271.000000 195.000000 100402.267199 
1795 188.000000 108.000000 272.000000 193.000000 100828.082204 
1796 187.000000 115.000000 270.000000 198.000000 101396.570067 
1797 187.000000 112.000000 255.000000 177.000000 102011.169233 
1798 188.000000 119.000000 248.000000 179.000000 102683.707696 
1799 187.000000 118.000000 245.000000 182.000000 103264.390750 
1800 187.000000 115.000000 247.000000 185.000000 103708.972031 
1801 187.000000 113.000000 246.000000 185.000000 104109.778155 
1802 188.000000 118.000000 237.000000 178.000000 104672.704577 
1803 187.000000 117.000000 243.000000 193.000000 105219.123282 
1804 186.000000 116.000000 245.000000 194.000000 105662.224170 
1805 186.000000 119.000000 245.000000 198.000000 106262.064954 
1806 188.000000 120.000000 233.000000 187.000000 106811.408252 
1807 189.000000 121.000000 239.000000 178.000000 107258.837327 
1808 190.000000 123.000000 239.000000 183.000000 107870.679328 
1809 186.000000 109.000000 245.000000 182.000000 108320.231790 
1810 178.000000 122.000000 242.000000 182.000000 108840.046545 
1811 198.000000 117.000000 238.000000 182.000000 109442.806879 
1812 191.000000 118.000000 246.000000 190.000000 109989.117270 
1813 203.000000 111.000000 252.000000 186.000000 110425.417647 
1814 200.000000 116.000000 253.000000 185.000000 111019.391459 
1815 199.000000 119.000000 255.000000 185.000000 111640.038701 
1816 199.000000 118.000000 247.000000 184.000000 112281.196243 
1817 198.000000 106.000000 234.000000 184.000000 112750.470665 
1818 208.000000 141.000000 -10.000000 -10.000000 113333.904295 
1819 210.000000 143.000000 275.000000 209.000000 114459.901528 
1820 201.000000 135.000000 254.000000 191.000000 114858.680766 
1821 209.000000 140.000000 251.000000 207.000000 115286.274185 
1822 209.000000 143.000000 269.000000 192.000000 115699.627817 
1823 209.000000 144.000000 267.000000 192.000000 116098.805603 
1824 199.000000 132.000000 247.000000 185.000000 116501.057665 
1825 208.000000 142.000000 -10.000000 -10.000000 116911.206494 
1826 207.000000 147.000000 -10.000000 -10.000000 117948.186539 
1827 210.000000 143.000000 255.000000 194.000000 119106.371514 
1828 200.000000 134.000000 253.000000 190.000000 119761.740142 
1829 208.000000 143.000000 273.000000 209.000000 120363.191788 
1830 206.000000 135.000000 251.000000 181.000000 120813.976430 
1831 201.000000 120.000000 247.000000 186.000000 121422.981663 
1832 209.000000 143.000000 243.000000 203.000000 122053.019746 
1833 202.000000 140.000000 242.000000 184.000000 122696.631583 
1834 206.000000 146.000000 241.000000 200.000000 123325.825448 
1835 201.000000 142.000000 240.000000 208.000000 124007.827949 
1836 202.000000 135.000000 244.000000 185.000000 124651.253647 
1837 180.000000 121.000000 231.000000 185.000000 125292.379116 
1838 206.000000 144.000000 -10.000000 -10.000000 125930.583841 
1839 206.000000 144.000000 269.000000 201.000000 127194.224890 
1840 205.000000 149.000000 -10.000000 -10.000000 127863.499544 
1841 201.000000 141.000000 237.000000 185.000000 129120.439973 
1842 207.000000 150.000000 -10.000000 -10.000000 129529.870945 
1843 205.000000 149.000000 -10.000000 -10.000000 130577.768036 
1844 206.000000 150.000000 -10.000000 -10.000000 131777.830296 
1845 180.000000 121.000000 251.000000 188.000000 132890.038917 
1846 192.000000 128.000000 250.000000 189.000000 133301.843640 
1847 193.000000 116.000000 252.000000 189.000000 133704.503137 
1848 200.000000 125.000000 247.000000 185.000000 134101.563546 
1849 207.000000 147.000000 -10.000000 -10.000000 134501.608011 
1850 192.000000 130.000000 249.000000 182.000000 135429.797994 
1851 203.000000 136.000000 248.000000 185.000000 135826.566606 
1852 179.000000 109.000000 238.000000 185.000000 136226.665433 
1853 195.000000 124.000000 249.000000 184.000000 136616.911460 
1854 206.000000 144.000000 248.000000 187.000000 137009.472877 
1855 182.000000 120.000000 238.000000 186.000000 137406.719219 
1856 194.000000 126.000000 246.000000 186.000000 137807.546978 
1857 199.000000 122.000000 245.000000 185.000000 138207.234924 
1858 205.000000 146.000000 -10.000000 -10.000000 138607.149402 
1859 200.000000 135.000000 237.000000 188.000000 139562.075207 
1860 193.000000 135.000000 236.000000 188.000000 140200.668376 
1861 192.000000 125.000000 236.000000 187.000000 140784.570707 
1862 178.000000 109.000000 233.000000 188.000000 141359.662173 
1863 203.000000 149.000000 -10.000000 -10.000000 141929.475750 
1864 188.000000 130.000000 231.000000 188.000000 143036.838158 
1865 194.000000 136.000000 231.000000 191.000000 143400.150148 
1866 207.000000 147.000000 -10.000000 -10.000000 143740.150823 
1867 208.000000 146.000000 -10.000000 -10.000000 144406.893957 
1868 207.000000 147.000000 -10.000000 -10.000000 145041.115245 
1869 -10.000000 -10.000000 234.000000 188.000000 145673.371684 
1870 203.000000 146.000000 -10.000000 -10.000000 147127.214928 
1871 182.000000 123.000000 231.000000 188.000000 148238.784033 
1872 202.000000 137.000000 227.000000 191.000000 148667.544520 
1873 189.000000 126.000000 232.000000 187.000000 149139.638686 
1874 203.000000 136.000000 254.000000 183.000000 149601.425860 
1875 203.000000 136.000000 -10.000000 -10.000000 150185.347295 
1876 203.000000 135.000000 228.000000 191.000000 151226.169558 
1877 205.000000 141.000000 241.000000 197.000000 151748.342956 
1878 -10.000000 -10.000000 279.000000 217.000000 152193.694591 
1879 203.000000 176.000000 280.000000 217.000000 153620.270178 
1880 209.000000 176.000000 241.000000 239.000000 154122.938330 
1881 -10.000000 -10.000000 -10.000000 -10.000000 154707.429693 
1882 199.000000 124.000000 -10.000000 -10.000000 156112.437255 
1883 195.000000 124.000000 -10.000000 -10.000000 157283.447635 
1884 197.000000 134.000000 -10.000000 -10.000000 158467.686811 
1885 189.000000 127.000000 -10.000000 -10.000000 159482.504479 
1886 193.000000 133.000000 328.000000 124.000000 160487.290893 
1887 188.000000 126.000000 -10.000000 -10.000000 160851.883662 
1888 184.000000 126.000000 325.000000 130.000000 161554.671297 
1889 184.000000 126.000000 330.000000 132.000000 162014.090918 
1890 183.000000 125.000000 332.000000 137.000000 162430.290354 
1891 182.000000 125.000000 329.000000 145.000000 162847.089402 
1892 177.000000 125.000000 317.000000 157.000000 163202.029598 
1893 187.000000 124.000000 -10.000000 -10.000000 163562.850104 
1894 178.000000 119.000000 249.000000 179.000000 164227.092601 
1895 181.000000 124.000000 249.000000 182.000000 164585.587245 
1896 179.000000 127.000000 255.000000 188.000000 165012.564747 
1897 179.000000 123.000000 253.000000 184.000000 165441.815928 
1898 185.000000 124.000000 258.000000 182.000000 165861.993217 
1899 181.000000 122.000000 274.000000 179.000000 166519.758979 
1900 174.000000 106.000000 268.000000 181.000000 167188.317599 
1901 185.000000 126.000000 281.000000 182.000000 167568.419985 
1902 179.000000 119.000000 284.000000 185.000000 168025.073511 
1903 180.000000 117.000000 285.000000 184.000000 168582.085576 
1904 181.000000 117.000000 291.000000 183.000000 169087.342704 
1905 189.000000 121.000000 292.000000 177.000000 169634.839745 
1906 180.000000 110.000000 -10.000000 -10.000000 170052.726904 
1907 187.000000 123.000000 304.000000 170.000000 171176.643719 
1908 187.000000 125.000000 304.000000 168.000000 171581.252674 
1909 186.000000 119.000000 287.000000 172.000000 171983.977372 
1910 188.000000 123.000000 290.000000 172.000000 172391.474567 
1911 192.000000 127.000000 -10.000000 -10.000000 172794.878962 
1912 187.000000 118.000000 283.000000 179.000000 173762.697391 
1913 185.000000 122.000000 289.000000 185.000000 174186.604495 
1914 184.000000 120.000000 298.000000 177.000000 174635.233754 
1915 189.000000 125.000000 286.000000 179.000000 175040.276305 
1916 193.000000 126.000000 285.000000 180.000000 175436.180236 
1917 183.000000 114.000000 282.000000 180.000000 175826.135110 
1918 190.000000 128.000000 278.000000 180.000000 176218.882745 
1919 184.000000 117.000000 281.000000 177.000000 176560.011609 
1920 190.000000 123.000000 -10.000000 -10.000000 176900.214449 
1921 189.000000 128.000000 289.000000 170.000000 177539.377479 
1922 186.000000 116.000000 280.000000 179.000000 177879.409750 
1923 184.000000 123.000000 277.000000 179.000000 178243.803834 
1924 182.000000 123.000000 278.000000 182.000000 178584.824012 
1925 187.000000 125.000000 270.000000 181.000000 178977.801706 
1926 182.000000 115.000000 275.000000 176.000000 179377.140179 
1927 184.000000 122.000000 278.000000 184.000000 179776.871843 
1928 179.000000 115.000000 267.000000 182.000000 180167.795358 
1929 184.000000 122.000000 273.000000 185.000000 180499.072197 
1930 182.000000 122.000000 267.000000 191.000000 180854.720342 
1931 180.000000 120.000000 269.000000 185.000000 181239.889912 
1932 172.000000 109.000000 275.000000 186.000000 181603.362760 
1933 179.000000 118.000000 272.000000 180.000000 181997.915343 
1934 180.000000 116.000000 274.000000 177.000000 182386.985753 
1935 177.000000 119.000000 280.000000 174.000000 182720.808238 
1936 176.000000 119.000000 276.000000 187.000000 183053.859783 
1937 176.000000 117.000000 277.000000 186.000000 183429.698226 
1938 185.000000 120.000000 276.000000 187.000000 183799.597888 
1939 180.000000 116.000000 271.000000 180.000000 184185.709226 
1940 180.000000 117.000000 280.000000 176.000000 184575.304251 
1941 173.000000 120.000000 285.000000 173.000000 184965.710647 
1942 176.000000 114.000000 278.000000 179.000000 185352.086474 
1943 178.000000 118.000000 276.000000 181.000000 185742.016417 
1944 180.000000 120.000000 267.000000 185.000000 186132.646028 
1945 178.000000 121.000000 275.000000 182.000000 186523.206160 
1946 172.000000 117.000000 266.000000 184.000000 186913.782238 
1947 168.000000 113.000000 263.000000 188.000000 187303.592279 
1948 178.000000 115.000000 271.000000 179.000000 187705.721080 
1949 177.000000 118.000000 279.000000 185.000000 188045.921285 
1950 177.000000 122.000000 278.000000 184.000000 188419.110220 
1951 178.000000 122.000000 281.000000 183.000000 188787.684002 
1952 178.000000 123.000000 275.000000 179.000000 189175.831036 
1953 176.000000 124.000000 275.000000 179.000000 189509.066030 
1954 163.000000 108.000000 274.000000 192.000000 189839.465723 
1955 171.000000 126.000000 273.000000 198.000000 190200.311902 
1956 170.000000 117.000000 267.000000 194.000000 190571.343887 
1957 174.000000 122.000000 264.000000 198.000000 190961.282927 
1958 162.000000 100.000000 266.000000 196.000000 191349.094514 
1959 176.000000 119.000000 267.000000 193.000000 191739.333087 
1960 175.000000 119.000000 266.000000 201.000000 192105.014430 
1961 165.000000 101.000000 264.000000 189.000000 192500.108874 
1962 175.000000 115.000000 253.000000 193.000000 192892.122975 
1963 174.000000 115.000000 244.000000 192.000000 193312.632735 
1964 161.000000 98.000000 249.000000 186.000000 193711.162293 
1965 166.000000 108.000000 249.000000 199.000000 194102.942224 
1966 169.000000 113.000000 281.000000 204.000000 194474.091740 
1967 167.000000 114.000000 278.000000 202.000000 194891.534661 
1968 160.000000 100.000000 262.000000 206.000000 195281.902413 
1969 171.000000 113.000000 277.000000 201.000000 195679.169305 
1970 164.000000 112.000000 277.000000 201.000000 196065.214029 
1971 158.000000 96.000000 278.000000 200.000000 196445.651320 
1972 174.000000 113.000000 280.000000 201.000000 196834.626060 
1973 161.000000 104.000000 277.000000 201.000000 197222.230125 
1974 167.000000 116.000000 282.000000 199.000000 197612.686445 
1975 163.000000 103.000000 274.000000 199.000000 198003.286190 
1976 171.000000 115.000000 275.000000 197.000000 198393.427439 
1977 172.000000 114.000000 281.000000 193.000000 198792.738523 
1978 163.000000 98.000000 264.000000 191.000000 199182.047842 
1979 169.000000 115.000000 282.000000 203.000000 199574.497351 
1980 172.000000 116.000000 282.000000 204.000000 199973.464536 
1981 168.000000 111.000000 284.000000 204.000000 200363.350230 
1982 167.000000 109.000000 268.000000 197.000000 200752.442651 
1983 175.000000 111.000000 250.000000 190.000000 201135.632533 
1984 163.000000 104.000000 274.000000 192.000000 201524.975791 
1985 171.000000 110.000000 269.000000 195.000000 201922.554299 
1986 170.000000 121.000000 272.000000 191.000000 202318.781538 
1987 176.000000 112.000000 275.000000 194.000000 202710.027491 
1988 179.000000 111.000000 286.000000 197.000000 203102.626170 
1989 172.000000 111.000000 270.000000 198.000000 203512.210132 
1990 172.000000 118.000000 271.000000 196.000000 203919.053858 
1991 183.000000 113.000000 272.000000 196.000000 204309.015227 
1992 183.000000 111.000000 268.000000 198.000000 204701.273865 
1993 177.000000 112.000000 260.000000 195.000000 205092.900727 
1994 176.000000 116.000000 249.000000 207.000000 205490.638201 
1995 170.000000 110.000000 279.000000 191.000000 205879.828027 
1996 175.000000 119.000000 284.000000 195.000000 206268.019334 
1997 173.000000 120.000000 283.000000 191.000000 206656.795612 
1998 174.000000 119.000000 277.000000 194.000000 207046.717392 
1999 176.000000 120.000000 283.000000 189.000000 207431.106360 
2000 175.000000 121.000000 277.000000 188.000000 207827.414215 
2001 166.000000 109.000000 280.000000 188.000000 208216.516476 
2002 177.000000 125.000000 284.000000 191.000000 208596.257087 
2003 175.000000 114.000000 285.000000 190.000000 208987.412526 
2004 177.000000 127.000000 283.000000 191.000000 209379.890507 
2005 160.000000 104.000000 282.000000 190.000000 209767.818706 
2006 173.000000 121.000000 276.000000 188.000000 210168.627257 
2007 171.000000 121.000000 279.000000 190.000000 210551.203277 
2008 172.000000 121.000000 288.000000 182.000000 210938.564580 
2009 173.000000 122.000000 284.000000 189.000000 211327.988159 
2010 174.000000 122.000000 277.000000 188.000000 211727.872605 
2011 162.000000 102.000000 280.000000 182.000000 212060.675878 
2012 174.000000 120.000000 254.000000 198.000000 212401.172657 
2013 175.000000 105.000000 282.000000 177.000000 212762.427814 
2014 181.000000 109.000000 276.000000 171.000000 213116.651658 
2015 175.000000 119.000000 291.000000 164.000000 213467.418809 
2016 178.000000 119.000000 -10.000000 -10.000000 213824.522234 
2017 176.000000 117.000000 325.000000 154.000000 215229.599989 
2018 170.000000 104.000000 322.000000 154.000000 215786.883575 
2019 177.000000 120.000000 347.000000 153.000000 216197.918431 
2020 175.000000 118.000000 347.000000 161.000000 216630.136540 
2021 176.000000 118.000000 349.000000 157.000000 217028.747583 
2022 177.000000 118.000000 362.000000 147.000000 217417.072806 
2023 168.000000 99.000000 -10.000000 -10.000000 217759.819206 
2024 176.000000 110.000000 173.000000 180.000000 219085.447027 
2025 177.000000 120.000000 -10.000000 -10.000000 219482.544635 
2026 167.000000 108.000000 165.000000 180.000000 220335.586091 
2027 177.000000 123.000000 -10.000000 -10.000000 220709.041240 
2028 180.000000 118.000000 353.000000 124.000000 221754.033454 
2029 179.000000 115.000000 349.000000 120.000000 222177.025577 
2030 180.000000 116.000000 -10.000000 -10.000000 222681.121782 
2031 178.000000 116.000000 319.000000 121.000000 224033.806798 
2032 180.000000 118.000000 310.000000 115.000000 224508.433928 
2033 175.000000 109.000000 267.000000 133.000000 224895.254329 
2034 176.000000 108.000000 273.000000 130.000000 225228.417792 
2035 172.000000 111.000000 261.000000 142.000000 225536.165798 
2036 171.000000 97.000000 -10.000000 -10.000000 225837.240509 
2037 179.000000 115.000000 -10.000000 -10.000000 226422.446130 
2038 188.000000 113.000000 -10.000000 -10.000000 227009.719957 
2039 163.000000 104.000000 -10.000000 -10.000000 227632.065731 
2040 177.000000 101.000000 163.000000 173.000000 228249.830092 
2041 184.000000 115.000000 -10.000000 -10.000000 228637.696794 
2042 186.000000 109.000000 171.000000 173.000000 229528.395623 
2043 182.000000 111.000000 -10.000000 -10.000000 229892.330806 
2044 186.000000 109.000000 -10.000000 -10.000000 230764.645080 
2045 184.000000 113.000000 162.000000 184.000000 231688.760617 
2046 182.000000 109.000000 -10.000000 -10.000000 232045.964922 
2047 169.000000 96.000000 -10.000000 -10.000000 233288.475796 
2048 167.000000 100.000000 313.000000 175.000000 234667.415566 
2049 173.000000 114.000000 -10.000000 -10.000000 234986.017959 
2050 165.000000 100.000000 322.000000 109.000000 236309.241832 
2051 160.000000 94.000000 331.000000 103.000000 236641.985489 
2052 161.000000 94.000000 -10.000000 -10.000000 236970.533442 
2053 166.000000 102.000000 -10.000000 -10.000000 237594.969678 
2054 166.000000 88.000000 159.000000 161.000000 238209.933040 
2055 156.000000 88.000000 155.000000 155.000000 238593.502098 
2056 162.000000 90.000000 154.000000 154.000000 238979.285172 
2057 162.000000 92.000000 177.000000 165.000000 239356.495698 
2058 170.000000 97.000000 166.000000 166.000000 239725.358134 
2059 159.000000 90.000000 -10.000000 -10.000000 240076.089949 
2060 157.000000 91.000000 -10.000000 -10.000000 240871.906029 
2061 154.000000 89.000000 -10.000000 -10.000000 241632.898241 
2062 155.000000 90.000000 295.000000 160.000000 242444.402744 
2063 156.000000 80.000000 -10.000000 -10.000000 242771.791407 
2064 152.000000 92.000000 295.000000 160.000000 243343.846037 
2065 161.000000 97.000000 -10.000000 -10.000000 243720.420530 
2066 159.000000 85.000000 261.000000 173.000000 244564.461928 
2067 165.000000 94.000000 282.000000 167.000000 244884.014681 
2068 163.000000 92.000000 282.000000 160.000000 245256.438581 
2069 165.000000 95.000000 278.000000 166.000000 245625.880021 
2070 167.000000 96.000000 -10.000000 -10.000000 245995.684752 
2071 165.000000 90.000000 292.000000 160.000000 246822.416300 
2072 168.000000 89.000000 298.000000 157.000000 247137.948712 
2073 167.000000 92.000000 296.000000 163.000000 247509.338612 
2074 166.000000 89.000000 293.000000 164.000000 247892.118953 
2075 168.000000 88.000000 295.000000 158.000000 248261.775875 
2076 165.000000 87.000000 -10.000000 -10.000000 248578.715406 
2077 166.000000 92.000000 295.000000 154.000000 249161.525001 
2078 167.000000 94.000000 283.000000 163.000000 249475.803565 
2079 165.000000 93.000000 289.000000 163.000000 249786.366193 
2080 172.000000 105.000000 304.000000 154.000000 250098.838755 
2081 166.000000 85.000000 288.000000 157.000000 250409.957100 
2082 165.000000 87.000000 288.000000 163.000000 250721.398419 
2083 165.000000 94.000000 288.000000 163.000000 251040.824653 
2084 172.000000 103.000000 288.000000 166.000000 251352.519279 
2085 165.000000 94.000000 279.000000 169.000000 251663.538962 
2086 165.000000 94.000000 282.000000 166.000000 252033.310280 
2087 164.000000 94.000000 282.000000 168.000000 252403.230946 
2088 167.000000 84.000000 279.000000 167.000000 252774.315552 
2089 167.000000 84.000000 263.000000 170.000000 253148.255696 
2090 167.000000 84.000000 281.000000 167.000000 253519.041911 
2091 166.000000 92.000000 273.000000 166.000000 253889.376204 
2092 167.000000 92.000000 260.000000 173.000000 254279.033779 
2093 169.000000 85.000000 -10.000000 -10.000000 254579.337137 
2094 166.000000 85.000000 283.000000 142.000000 255887.778689 
2095 169.000000 78.000000 -10.000000 -10.000000 256307.904390 
2096 168.000000 89.000000 -10.000000 -10.000000 257361.481216 
2097 177.000000 101.000000 -10.000000 -10.000000 258508.888315 
2098 165.000000 89.000000 -10.000000 -10.000000 259722.048266 
2099 168.000000 96.000000 -10.000000 -10.000000 261047.168023 
2100 168.000000 85.000000 -10.000000 -10.000000 262240.922212 
2101 168.000000 87.000000 -10.000000 -10.000000 263541.190358 
2102 169.000000 94.000000 -10.000000 -10.000000 264804.972416 
2103 169.000000 91.000000 261.000000 176.000000 266163.177701 
2104 168.000000 82.000000 -10.000000 -10.000000 266682.815533 
2105 168.000000 81.000000 281.000000 199.000000 267585.926967 
2106 168.000000 93.000000 -10.000000 -10.000000 268188.891802 
2107 166.000000 93.000000 286.000000 167.000000 269826.814319 
2108 166.000000 96.000000 280.000000 170.000000 270448.552152 
2109 178.000000 102.000000 283.000000 169.000000 271030.283137 
2110 165.000000 85.000000 284.000000 165.000000 271594.611248 
2111 164.000000 87.000000 269.000000 171.000000 272023.660760 
2112 181.000000 95.000000 -10.000000 -10.000000 272534.031091 
2113 165.000000 89.000000 261.000000 173.000000 273441.874905 
2114 168.000000 97.000000 266.000000 162.000000 274048.666307 
2115 167.000000 91.000000 -10.000000 -10.000000 274681.104512 
2116 173.000000 94.000000 261.000000 176.000000 275951.357960 
2117 167.000000 88.000000 -10.000000 -10.000000 276570.209876 
2118 166.000000 88.000000 258.000000 167.000000 277719.773408 
2119 165.000000 88.000000 -10.000000 -10.000000 278184.418574 
2120 164.000000 93.000000 255.000000 173.000000 279536.630343 
2121 165.000000 94.000000 -10.000000 -10.000000 280036.078539 
2122 172.000000 104.000000 -10.000000 -10.000000 280861.895039 
2123 161.000000 82.000000 246.000000 173.000000 281498.879881 
2124 163.000000 95.000000 234.000000 173.000000 281840.833794 
2125 165.000000 94.000000 -10.000000 -10.000000 282179.080990 
2126 162.000000 94.000000 237.000000 173.000000 282815.493503 
2127 170.000000 105.000000 -10.000000 -10.000000 283156.565317 
2128 161.000000 99.000000 246.000000 194.000000 283791.016882 
2129 164.000000 93.000000 -10.000000 -10.000000 284136.610495 
2130 161.000000 87.000000 255.000000 203.000000 284777.741590 
2131 163.000000 96.000000 227.000000 175.000000 285119.767882 
2132 165.000000 95.000000 233.000000 175.000000 285458.295765 
2133 167.000000 89.000000 242.000000 178.000000 285795.076347 
2134 172.000000 107.000000 236.000000 184.000000 286191.244339 
2135 162.000000 91.000000 235.000000 181.000000 286590.406218 
2136 163.000000 96.000000 238.000000 177.000000 286984.605644 
2137 166.000000 95.000000 242.000000 177.000000 287383.172674 
2138 163.000000 88.000000 242.000000 177.000000 287724.917578 
2139 177.000000 93.000000 242.000000 179.000000 288116.416161 
2140 166.000000 87.000000 242.000000 179.000000 288506.346548 
2141 166.000000 98.000000 242.000000 179.000000 288898.533252 
2142 167.000000 93.000000 242.000000 180.000000 289291.117041 
2143 175.000000 98.000000 244.000000 180.000000 289686.275681 
2144 181.000000 110.000000 245.000000 183.000000 290053.000044 
2145 186.000000 114.000000 243.000000 183.000000 290443.841791 
2146 180.000000 108.000000 236.000000 181.000000 290834.309294 
2147 181.000000 111.000000 233.000000 184.000000 291168.805670 
2148 180.000000 105.000000 239.000000 178.000000 291502.838008 
2149 161.000000 101.000000 242.000000 181.000000 291841.578736 
2150 180.000000 123.000000 227.000000 181.000000 292238.297770 
2151 181.000000 107.000000 234.000000 180.000000 292630.158260 
2152 173.000000 106.000000 238.000000 180.000000 293020.665474 
2153 172.000000 105.000000 233.000000 179.000000 293413.749222 
2154 179.000000 124.000000 261.000000 169.000000 293809.960867 
2155 180.000000 125.000000 223.000000 190.000000 294200.437859 
2156 173.000000 114.000000 227.000000 181.000000 294593.341216 
2157 178.000000 110.000000 -10.000000 -10.000000 294992.218968 
2158 166.000000 109.000000 225.000000 179.000000 296047.454063 
2159 177.000000 112.000000 227.000000 179.000000 296600.490858 
2160 162.000000 110.000000 217.000000 184.000000 297281.899600 
2161 169.000000 114.000000 225.000000 180.000000 297933.616812 
2162 169.000000 113.000000 221.000000 177.000000 298525.105703 
2163 162.000000 105.000000 223.000000 181.000000 299112.912893 
2164 169.000000 117.000000 215.000000 189.000000 299715.676139 
2165 169.000000 114.000000 223.000000 183.000000 300296.313188 
2166 167.000000 114.000000 222.000000 179.000000 300876.033165 
2167 169.000000 115.000000 221.000000 182.000000 301393.468519 
2168 169.000000 115.000000 221.000000 181.000000 301964.719699 
2169 165.000000 115.000000 221.000000 183.000000 302519.224788 
2170 168.000000 114.000000 260.000000 167.000000 303208.139332 
2171 164.000000 114.000000 281.000000 149.000000 303630.020308 
2172 163.000000 111.000000 -10.000000 -10.000000 304212.006925 
2173 163.000000 112.000000 197.000000 188.000000 305183.517767 
2174 183.000000 122.000000 203.000000 185.000000 305550.624237 
