1575 123 174 123 174 123 174 123 174
1576 106 171 106 171 106 171 106 171
1577 98 169 98 169 98 169 98 169
1578 95 174 95 174 95 174 95 174
1579 85 169 85 169 85 169 85 169
1580 72 166 72 166 72 166 72 166
1581 69 165 69 165 69 165 69 165
1582 67 164 67 164 67 164 67 164
1583 64 166 64 166 64 166 64 166
1584 67 167 67 167 67 167 67 167
1585 59 164 59 164 59 164 59 164
1586 61 166 61 166 61 166 61 166
1587 57 167 57 167 57 167 57 167
1588 60 167 60 167 60 167 60 167
1589 58 174 58 174 58 174 58 174
1590 57 176 57 176 57 176 57 176
1591 56 176 56 176 56 176 56 176
1592 53 173 53 173 53 173 53 173
1593 51 173 51 173 51 173 51 173
1594 58 176 58 176 58 176 58 176
1595 53 179 53 179 53 179 53 179
1596 52 175 52 175 52 175 52 175
1597 56 177 56 177 56 177 56 177
1598 56 174 56 174 56 174 56 174
1599 60 176 60 176 60 176 60 176
1600 57 178 57 178 57 178 57 178
1601 59 175 59 175 59 175 59 175
1602 57 174 57 174 57 174 57 174
1603 58 175 58 175 58 175 58 175
1604 58 175 58 175 58 175 58 175
1605 58 175 58 175 58 175 58 175
1606 55 174 55 174 55 174 55 174
1607 55 175 55 175 55 175 55 175
1608 58 175 58 175 58 175 58 175
1609 59 174 59 174 59 174 59 174
1610 59 174 59 174 59 174 59 174
1611 57 174 57 174 57 174 57 174
1612 57 176 57 176 57 176 57 176
1613 56 175 56 175 56 175 56 175
1614 57 175 57 175 57 175 57 175
1615 57 171 57 171 57 171 57 171
1616 60 174 60 174 60 174 60 174
1617 62 177 62 177 62 177 62 177
1618 65 178 65 178 65 178 65 178
1619 68 181 68 181 68 181 68 181
1620 68 184 68 184 68 184 68 184
1621 69 184 69 184 69 184 69 184
1622 74 187 74 187 74 187 74 187
1623 80 190 80 190 80 190 80 190
1624 84 191 84 191 84 191 84 191
1625 83 191 83 191 83 191 83 191
1626 85 192 85 192 85 192 85 192
1627 87 192 87 192 87 192 87 192
1628 88 194 88 194 88 194 88 194
1629 87 195 87 195 87 195 87 195
1630 88 195 88 195 88 195 88 195
1631 87 193 87 193 87 193 87 193
1632 90 195 90 195 90 195 90 195
1633 87 193 87 193 87 193 87 193
1634 90 194 90 194 90 194 90 194
1635 88 193 88 193 88 193 88 193
1636 88 190 88 190 88 190 88 190
1637 91 195 91 195 91 195 91 195
1638 90 195 90 195 90 195 90 195
1639 91 197 91 197 91 197 91 197
1640 93 196 93 196 93 196 93 196
1641 92 197 92 197 92 197 92 197
1642 94 196 94 196 94 196 94 196
1643 90 195 90 195 90 195 90 195
1644 93 193 93 193 93 193 93 193
1645 95 195 95 195 95 195 95 195
1646 95 196 95 196 95 196 95 196
1647 98 197 98 197 98 197 98 197
1648 99 199 99 199 99 199 99 199
1649 99 200 99 200 99 200 99 200
1650 95 195 95 195 95 195 95 195
1651 97 196 97 196 97 196 97 196
1652 99 197 99 197 99 197 99 197
1653 99 195 99 195 99 195 99 195
1654 98 197 98 197 98 197 98 197
1655 101 195 101 195 101 195 101 195
1656 101 194 101 194 101 194 101 194
1657 102 193 102 193 102 193 102 193
1658 103 195 103 195 103 195 103 195
1659 102 194 102 194 102 194 102 194
1660 103 193 103 193 103 193 103 193
1661 103 196 103 196 103 196 103 196
1662 102 195 102 195 102 195 102 195
1663 104 195 104 195 104 195 104 195
1664 106 196 106 196 106 196 106 196
1665 102 192 102 192 102 192 102 192
1666 102 192 102 192 102 192 102 192
1667 105 190 105 190 105 190 105 190
1668 103 190 103 190 103 190 103 190
1669 104 191 104 191 104 191 104 191
1670 106 192 106 192 106 192 106 192
1671 106 190 106 190 106 190 106 190
1672 105 190 105 190 105 190 105 190
1673 105 191 105 191 105 191 105 191
1674 105 190 105 190 105 190 105 190
1675 105 192 105 192 105 192 105 192
1676 106 190 106 190 106 190 106 190
1677 105 192 105 192 105 192 105 192
1678 106 192 106 192 106 192 106 192
1679 104 189 104 189 104 189 104 189
1680 103 193 103 193 103 193 103 193
1681 101 192 101 192 101 192 101 192
1682 103 193 103 193 103 193 103 193
1683 102 193 102 193 102 193 102 193
1684 105 193 105 193 105 193 105 193
1685 104 191 104 191 104 191 104 191
1686 107 193 107 193 107 193 107 193
1687 106 189 106 189 106 189 106 189
1688 106 192 106 192 106 192 106 192
1689 107 192 107 192 107 192 107 192
1690 105 189 105 189 105 189 105 189
1691 107 190 107 190 107 190 107 190
1692 106 188 106 188 106 188 106 188
1693 104 187 104 187 104 187 104 187
1694 106 185 106 185 106 185 106 185
1695 107 186 107 186 107 186 107 186
1696 106 186 106 186 106 186 106 186
1697 105 187 105 187 105 187 105 187
1698 104 189 104 189 104 189 104 189
1699 102 188 102 188 102 188 102 188
1700 101 189 101 189 101 189 101 189
1701 100 189 100 189 100 189 100 189
1702 99 189 99 189 99 189 99 189
1703 99 190 99 190 99 190 99 190
1704 98 190 98 190 98 190 98 190
1705 98 189 98 189 98 189 98 189
1706 97 189 97 189 97 189 97 189
1707 98 188 98 188 98 188 98 188
1708 97 186 97 186 97 186 97 186
1709 96 188 96 188 96 188 96 188
1710 98 191 98 191 98 191 98 191
1711 100 190 100 190 100 190 100 190
1712 101 193 101 193 101 193 101 193
1713 101 192 101 192 101 192 101 192
1714 100 192 100 192 100 192 100 192
1715 102 191 102 191 102 191 102 191
1716 100 188 100 188 100 188 100 188
1717 102 191 102 191 102 191 102 191
1718 104 190 104 190 104 190 104 190
1719 105 192 105 192 105 192 105 192
1720 109 190 109 190 109 190 109 190
1721 108 188 108 188 108 188 108 188
1722 109 192 109 192 109 192 109 192
1723 109 191 109 191 109 191 109 191
1724 115 191 115 191 115 191 115 191
1725 114 191 114 191 114 191 114 191
1726 113 192 113 192 113 192 113 192
1727 113 191 113 191 113 191 113 191
1728 112 193 112 193 112 193 112 193
1729 108 194 108 194 108 194 108 194
1730 109 196 109 196 109 196 109 196
1731 106 197 106 197 106 197 106 197
1732 108 197 108 197 108 197 108 197
1733 107 198 107 198 107 198 107 198
1734 107 195 107 195 107 195 107 195
1735 107 196 107 196 107 196 107 196
1736 104 197 104 197 104 197 104 197
1737 105 196 105 196 105 196 105 196
1738 112 195 112 195 112 195 112 195
1739 108 198 108 198 108 198 108 198
1740 104 196 104 196 104 196 104 196
1741 106 196 106 196 106 196 106 196
1742 104 193 104 193 104 193 104 193
1743 103 194 103 194 103 194 103 194
1744 102 197 102 197 102 197 102 197
1745 101 195 101 195 101 195 101 195
1746 104 197 104 197 104 197 104 197
1747 101 195 101 195 101 195 101 195
1748 105 198 105 198 105 198 105 198
1749 104 197 104 197 104 197 104 197
1750 104 195 104 195 104 195 104 195
1751 104 195 104 195 104 195 104 195
1752 104 195 104 195 104 195 104 195
1753 106 195 106 195 106 195 106 195
1754 106 196 106 196 106 196 106 196
1755 108 197 108 197 108 197 108 197
1756 108 193 108 193 108 193 108 193
1757 107 194 107 194 107 194 107 194
1758 108 194 108 194 108 194 108 194
1759 105 194 105 194 105 194 105 194
1760 105 194 105 194 105 194 105 194
1761 105 194 105 194 105 194 105 194
1762 108 196 108 196 108 196 108 196
1763 106 195 106 195 106 195 106 195
1764 105 193 105 193 105 193 105 193
1765 106 194 106 194 106 194 106 194
1766 106 192 106 192 106 192 106 192
1767 105 194 105 194 105 194 105 194
1768 105 194 105 194 105 194 105 194
1769 108 193 108 193 108 193 108 193
1770 105 192 105 192 105 192 105 192
1771 105 192 105 192 105 192 105 192
1772 105 191 105 191 105 191 105 191
1773 108 190 108 190 108 190 108 190
1774 109 189 109 189 109 189 109 189
1775 105 192 105 192 105 192 105 192
1776 104 190 104 190 104 190 104 190
1777 105 194 105 194 105 194 105 194
1778 104 189 104 189 104 189 104 189
1779 104 188 104 188 104 188 104 188
1780 104 188 104 188 104 188 104 188
1781 105 189 105 189 105 189 105 189
1782 105 190 105 190 105 190 105 190
1783 104 190 104 190 104 190 104 190
1784 102 187 102 187 102 187 102 187
1785 102 187 102 187 102 187 102 187
1786 102 187 102 187 102 187 102 187
1787 104 186 104 186 104 186 104 186
1788 102 186 102 186 102 186 102 186
1789 105 187 105 187 105 187 105 187
1790 102 186 102 186 102 186 102 186
1791 102 186 102 186 102 186 102 186
1792 102 184 102 184 102 184 102 184
1793 104 184 104 184 104 184 104 184
1794 104 183 104 183 104 183 104 183
1795 104 186 104 186 104 186 104 186
1796 108 184 108 184 108 184 108 184
1797 106 184 106 184 106 184 106 184
1798 108 186 108 186 108 186 108 186
1799 111 184 111 184 111 184 111 184
1800 108 184 108 184 108 184 108 184
1801 106 185 106 185 106 185 106 185
1802 106 185 106 185 106 185 106 185
1803 109 185 109 185 109 185 109 185
1804 110 183 110 183 110 183 110 183
1805 114 183 114 183 114 183 114 183
1806 114 183 114 183 114 183 114 183
1807 114 185 114 185 114 185 114 185
1808 116 190 116 190 116 190 116 190
1809 117 190 117 190 117 190 117 190
1810 118 191 118 191 118 191 118 191
1811 118 191 118 191 118 191 118 191
1812 120 193 120 193 120 193 120 193
1813 125 196 125 196 125 196 125 196
1814 132 200 132 200 132 200 132 200
1815 130 199 130 199 130 199 130 199
1816 132 201 132 201 132 201 132 201
1817 131 200 131 200 131 200 131 200
1818 132 200 132 200 132 200 132 200
1819 133 202 133 202 133 202 133 202
1820 135 202 135 202 135 202 135 202
1821 133 201 133 201 133 201 133 201
1822 136 203 136 203 136 203 136 203
1823 134 202 134 202 134 202 134 202
1824 134 202 134 202 134 202 134 202
1825 135 201 135 201 135 201 135 201
1826 135 202 135 202 135 202 135 202
1827 134 201 134 201 134 201 134 201
1828 134 202 134 202 134 202 134 202
1829 134 200 134 200 134 200 134 200
1830 132 202 132 202 132 202 132 202
1831 131 200 131 200 131 200 131 200
1832 132 200 132 200 132 200 132 200
1833 131 199 131 199 131 199 131 199
1834 132 198 132 198 132 198 132 198
1835 132 199 132 199 132 199 132 199
1836 133 200 133 200 133 200 133 200
1837 134 198 134 198 134 198 134 198
1838 133 198 133 198 133 198 133 198
1839 135 198 135 198 135 198 135 198
1840 136 198 136 198 136 198 136 198
1841 138 199 138 199 138 199 138 199
1842 136 198 136 198 136 198 136 198
1843 138 199 138 199 138 199 138 199
1844 139 199 139 199 139 199 139 199
1845 138 198 138 198 138 198 138 198
1846 138 197 138 197 138 197 138 197
1847 137 198 137 198 137 198 137 198
1848 135 199 135 199 135 199 135 199
1849 135 200 135 200 135 200 135 200
1850 135 199 135 199 135 199 135 199
1851 135 199 135 199 135 199 135 199
1852 135 198 135 198 135 198 135 198
1853 135 198 135 198 135 198 135 198
1854 135 198 135 198 135 198 135 198
1855 134 198 134 198 134 198 134 198
1856 136 197 136 197 136 197 136 197
1857 136 198 136 198 136 198 136 198
1858 136 197 136 197 136 197 136 197
1859 135 196 135 196 135 196 135 196
1860 136 196 136 196 136 196 136 196
1861 135 198 135 198 135 198 135 198
1862 135 197 135 197 135 197 135 197
1863 139 197 139 197 139 197 139 197
1864 139 198 139 198 139 198 139 198
1865 138 197 138 197 138 197 138 197
1866 139 195 139 195 139 195 139 195
1867 138 199 138 199 138 199 138 199
1868 137 195 137 195 137 195 137 195
1869 140 199 140 199 140 199 140 199
1870 137 199 137 199 137 199 137 199
1871 137 200 137 200 137 200 137 200
1872 136 199 136 199 136 199 136 199
1873 137 198 137 198 137 198 137 198
1874 137 199 137 199 137 199 137 199
1875 137 198 137 198 137 198 137 198
1876 136 197 136 197 136 197 136 197
1877 136 202 136 202 136 202 136 202
1878 0 0 0 0 0 0 0 0
1879 0 0 0 0 0 0 0 0
1880 0 0 0 0 0 0 0 0
1881 0 0 0 0 0 0 0 0
1882 0 0 0 0 0 0 0 0
1883 0 0 0 0 0 0 0 0
1884 126 190 126 190 126 190 126 190
1885 128 190 128 190 128 190 128 190
1886 120 185 120 185 120 185 120 185
1887 119 182 119 182 119 182 119 182
1888 119 182 119 182 119 182 119 182
1889 116 179 116 179 116 179 116 179
1890 114 177 114 177 114 177 114 177
1891 114 176 114 176 114 176 114 176
1892 114 174 114 174 114 174 114 174
1893 114 177 114 177 114 177 114 177
1894 113 177 113 177 113 177 113 177
1895 113 178 113 178 113 178 113 178
1896 113 176 113 176 113 176 113 176
1897 115 179 115 179 115 179 115 179
1898 115 179 115 179 115 179 115 179
1899 113 178 113 178 113 178 113 178
1900 115 180 115 180 115 180 115 180
1901 115 179 115 179 115 179 115 179
1902 113 180 113 180 113 180 113 180
1903 114 181 114 181 114 181 114 181
1904 114 181 114 181 114 181 114 181
1905 112 183 112 183 112 183 112 183
1906 111 183 111 183 111 183 111 183
1907 114 184 114 184 114 184 114 184
1908 112 183 112 183 112 183 112 183
1909 113 183 113 183 113 183 113 183
1910 114 183 114 183 114 183 114 183
1911 116 186 116 186 116 186 116 186
1912 116 185 116 185 116 185 116 185
1913 113 183 113 183 113 183 113 183
1914 117 185 117 185 117 185 117 185
1915 114 184 114 184 114 184 114 184
1916 114 184 114 184 114 184 114 184
1917 115 183 115 183 115 183 115 183
1918 115 184 115 184 115 184 115 184
1919 114 185 114 185 114 185 114 185
1920 115 185 115 185 115 185 115 185
1921 113 185 113 185 113 185 113 185
1922 115 184 115 184 115 184 115 184
1923 114 184 114 184 114 184 114 184
1924 115 185 115 185 115 185 115 185
1925 114 183 114 183 114 183 114 183
1926 114 182 114 182 114 182 114 182
1927 111 182 111 182 111 182 111 182
1928 113 181 113 181 113 181 113 181
1929 113 178 113 178 113 178 113 178
1930 110 179 110 179 110 179 110 179
1931 108 177 108 177 108 177 108 177
1932 106 176 106 176 106 176 106 176
1933 108 176 108 176 108 176 108 176
1934 105 174 105 174 105 174 105 174
1935 105 173 105 173 105 173 105 173
1936 105 174 105 174 105 174 105 174
1937 105 176 105 176 105 176 105 176
1938 104 173 104 173 104 173 104 173
1939 106 174 106 174 106 174 106 174
1940 106 172 106 172 106 172 106 172
1941 104 170 104 170 104 170 104 170
1942 110 173 110 173 110 173 110 173
1943 108 170 108 170 108 170 108 170
1944 108 170 108 170 108 170 108 170
1945 109 169 109 169 109 169 109 169
1946 111 171 111 171 111 171 111 171
1947 109 170 109 170 109 170 109 170
1948 109 170 109 170 109 170 109 170
1949 109 170 109 170 109 170 109 170
1950 111 169 111 169 111 169 111 169
1951 111 171 111 171 111 171 111 171
1952 113 170 113 170 113 170 113 170
1953 113 169 113 169 113 169 113 169
1954 114 170 114 170 114 170 114 170
1955 115 168 115 168 115 168 115 168
1956 115 167 115 167 115 167 115 167
1957 114 168 114 168 114 168 114 168
1958 111 168 111 168 111 168 111 168
1959 110 169 110 169 110 169 110 169
1960 110 170 110 170 110 170 110 170
1961 106 168 106 168 106 168 106 168
1962 105 169 105 169 105 169 105 169
1963 103 166 103 166 103 166 103 166
1964 105 167 105 167 105 167 105 167
1965 105 165 105 165 105 165 105 165
1966 105 163 105 163 105 163 105 163
1967 105 159 105 159 105 159 105 159
1968 103 161 103 161 103 161 103 161
1969 105 161 105 161 105 161 105 161
1970 104 157 104 157 104 157 104 157
1971 106 160 106 160 106 160 106 160
1972 105 159 105 159 105 159 105 159
1973 106 160 106 160 106 160 106 160
1974 107 161 107 161 107 161 107 161
1975 104 160 104 160 104 160 104 160
1976 105 159 105 159 105 159 105 159
1977 104 161 104 161 104 161 104 161
1978 103 160 103 160 103 160 103 160
1979 105 161 105 161 105 161 105 161
1980 107 162 107 162 107 162 107 162
1981 108 161 108 161 108 161 108 161
1982 110 163 110 163 110 163 110 163
1983 109 164 109 164 109 164 109 164
1984 109 164 109 164 109 164 109 164
1985 106 167 106 167 106 167 106 167
1986 109 167 109 167 109 167 109 167
1987 109 167 109 167 109 167 109 167
1988 109 167 109 167 109 167 109 167
1989 110 167 110 167 110 167 110 167
1990 111 168 111 168 111 168 111 168
1991 110 168 110 168 110 168 110 168
1992 108 168 108 168 108 168 108 168
1993 111 168 111 168 111 168 111 168
1994 113 167 113 167 113 167 113 167
1995 113 169 113 169 113 169 113 169
1996 113 167 113 167 113 167 113 167
1997 113 168 113 168 113 168 113 168
1998 115 169 115 169 115 169 115 169
1999 118 170 118 170 118 170 118 170
2000 113 170 113 170 113 170 113 170
2001 115 170 115 170 115 170 115 170
2002 116 170 116 170 116 170 116 170
2003 115 172 115 172 115 172 115 172
2004 115 172 115 172 115 172 115 172
2005 116 169 116 169 116 169 116 169
2006 115 168 115 168 115 168 115 168
2007 114 167 114 167 114 167 114 167
2008 114 167 114 167 114 167 114 167
2009 116 167 116 167 116 167 116 167
2010 115 168 115 168 115 168 115 168
2011 113 167 113 167 113 167 113 167
2012 112 169 112 169 112 169 112 169
2013 112 167 112 167 112 167 112 167
2014 107 167 107 167 107 167 107 167
2015 108 170 108 170 108 170 108 170
2016 108 169 108 169 108 169 108 169
2017 108 170 108 170 108 170 108 170
2018 108 172 108 172 108 172 108 172
2019 0 0 0 0 0 0 0 0
2020 106 169 106 169 106 169 106 169
2021 107 171 107 171 107 171 107 171
2022 0 0 0 0 0 0 0 0
2023 0 0 0 0 0 0 0 0
2024 0 0 0 0 0 0 0 0
2025 0 0 0 0 0 0 0 0
2026 0 0 0 0 0 0 0 0
2027 0 0 0 0 0 0 0 0
2028 0 0 0 0 0 0 0 0
2029 0 0 0 0 0 0 0 0
2030 114 336 114 336 114 336 114 336
2031 130 327 130 327 130 327 130 327
2032 127 306 127 306 127 306 127 306
2033 105 172 105 172 105 172 105 172
2034 107 172 107 172 107 172 107 172
2035 103 169 103 169 103 169 103 169
2036 101 169 101 169 101 169 101 169
2037 98 167 98 167 98 167 98 167
2038 105 170 105 170 105 170 105 170
2039 99 168 99 168 99 168 99 168
2040 102 168 102 168 102 168 102 168
2041 101 170 101 170 101 170 101 170
2042 100 169 100 169 100 169 100 169
2043 102 166 102 166 102 166 102 166
2044 105 164 105 164 105 164 105 164
2045 102 165 102 165 102 165 102 165
2046 99 166 99 166 99 166 99 166
2047 96 162 96 162 96 162 96 162
2048 94 166 94 166 94 166 94 166
2049 96 161 96 161 96 161 96 161
2050 0 0 0 0 0 0 0 0
2051 0 0 0 0 0 0 0 0
2052 0 0 0 0 0 0 0 0
2053 0 0 0 0 0 0 0 0
2054 0 0 0 0 0 0 0 0
2055 0 0 0 0 0 0 0 0
2056 0 0 0 0 0 0 0 0
2057 0 0 0 0 0 0 0 0
2058 0 0 0 0 0 0 0 0
2059 0 0 0 0 0 0 0 0
2060 0 0 0 0 0 0 0 0
2061 0 0 0 0 0 0 0 0
2062 76 150 76 150 76 150 76 150
2063 78 151 78 151 78 151 78 151
2064 80 153 80 153 80 153 80 153
2065 80 153 80 153 80 153 80 153
2066 81 155 81 155 81 155 81 155
2067 82 156 82 156 82 156 82 156
2068 84 157 84 157 84 157 84 157
2069 82 159 82 159 82 159 82 159
2070 85 159 85 159 85 159 85 159
2071 86 162 86 162 86 162 86 162
2072 85 161 85 161 85 161 85 161
2073 88 161 88 161 88 161 88 161
2074 87 160 87 160 87 160 87 160
2075 86 161 86 161 86 161 86 161
2076 86 161 86 161 86 161 86 161
2077 85 163 85 163 85 163 85 163
2078 84 159 84 159 84 159 84 159
2079 84 160 84 160 84 160 84 160
2080 85 160 85 160 85 160 85 160
2081 85 162 85 162 85 162 85 162
2082 81 159 81 159 81 159 81 159
2083 88 157 88 157 88 157 88 157
2084 85 162 85 162 85 162 85 162
2085 84 159 84 159 84 159 84 159
2086 85 160 85 160 85 160 85 160
2087 85 160 85 160 85 160 85 160
2088 83 161 83 161 83 161 83 161
2089 84 160 84 160 84 160 84 160
2090 82 162 82 162 82 162 82 162
2091 82 162 82 162 82 162 82 162
2092 84 162 84 162 84 162 84 162
2093 82 163 82 163 82 163 82 163
2094 85 162 85 162 85 162 85 162
2095 82 164 82 164 82 164 82 164
2096 82 163 82 163 82 163 82 163
2097 84 161 84 161 84 161 84 161
2098 86 160 86 160 86 160 86 160
2099 82 160 82 160 82 160 82 160
2100 88 162 88 162 88 162 88 162
2101 87 164 87 164 87 164 87 164
2102 86 164 86 164 86 164 86 164
2103 84 164 84 164 84 164 84 164
2104 85 164 85 164 85 164 85 164
2105 85 163 85 163 85 163 85 163
2106 86 165 86 165 86 165 86 165
2107 85 164 85 164 85 164 85 164
2108 86 164 86 164 86 164 86 164
2109 85 164 85 164 85 164 85 164
2110 85 162 85 162 85 162 85 162
2111 85 161 85 161 85 161 85 161
2112 84 162 84 162 84 162 84 162
2113 85 160 85 160 85 160 85 160
2114 85 161 85 161 85 161 85 161
2115 84 161 84 161 84 161 84 161
2116 86 161 86 161 86 161 86 161
2117 84 161 84 161 84 161 84 161
2118 86 161 86 161 86 161 86 161
2119 85 161 85 161 85 161 85 161
2120 87 159 87 159 87 159 87 159
2121 88 159 88 159 88 159 88 159
2122 88 160 88 160 88 160 88 160
2123 87 159 87 159 87 159 87 159
2124 86 160 86 160 86 160 86 160
2125 86 157 86 157 86 157 86 157
2126 85 157 85 157 85 157 85 157
2127 84 159 84 159 84 159 84 159
2128 88 158 88 158 88 158 88 158
2129 90 161 90 161 90 161 90 161
2130 91 160 91 160 91 160 91 160
2131 88 162 88 162 88 162 88 162
2132 90 161 90 161 90 161 90 161
2133 87 160 87 160 87 160 87 160
2134 89 159 89 159 89 159 89 159
2135 87 159 87 159 87 159 87 159
2136 91 160 91 160 91 160 91 160
2137 87 159 87 159 87 159 87 159
2138 87 162 87 162 87 162 87 162
2139 85 164 85 164 85 164 85 164
2140 87 167 87 167 87 167 87 167
2141 88 167 88 167 88 167 88 167
2142 89 170 89 170 89 170 89 170
2143 93 173 93 173 93 173 93 173
2144 94 175 94 175 94 175 94 175
2145 102 180 102 180 102 180 102 180
2146 104 182 104 182 104 182 104 182
2147 110 187 110 187 110 187 110 187
2148 112 183 112 183 112 183 112 183
2149 113 179 113 179 113 179 113 179
2150 113 176 113 176 113 176 113 176
2151 115 178 115 178 115 178 115 178
2152 117 177 117 177 117 177 117 177
2153 120 174 120 174 120 174 120 174
2154 113 173 113 173 113 173 113 173
2155 117 173 117 173 117 173 117 173
2156 120 171 120 171 120 171 120 171
2157 119 173 119 173 119 173 119 173
2158 121 172 121 172 121 172 121 172
2159 121 171 121 171 121 171 121 171
2160 119 171 119 171 119 171 119 171
2161 119 170 119 170 119 170 119 170
2162 117 169 117 169 117 169 117 169
2163 118 170 118 170 118 170 118 170
2164 122 170 122 170 122 170 122 170
2165 120 171 120 171 120 171 120 171
2166 122 167 122 167 122 167 122 167
2167 121 169 121 169 121 169 121 169
2168 119 166 119 166 119 166 119 166
2169 119 168 119 168 119 168 119 168
2170 121 167 121 167 121 167 121 167
2171 120 167 120 167 120 167 120 167
2172 124 171 124 171 124 171 124 171
2173 122 171 122 171 122 171 122 171
2174 113 175 113 175 113 175 113 175
