1575 208 268 208 268 208 268 208 268
1576 184 270 184 270 184 270 184 270
1577 171 265 171 265 171 265 171 265
1578 155 265 155 265 155 265 155 265
1579 144 261 144 261 144 261 144 261
1580 133 265 133 265 133 265 133 265
1581 128 264 128 264 128 264 128 264
1582 127 264 127 264 127 264 127 264
1583 125 266 125 266 125 266 125 266
1584 125 269 125 269 125 269 125 269
1585 125 269 125 269 125 269 125 269
1586 124 271 124 271 124 271 124 271
1587 123 275 123 275 123 275 123 275
1588 127 276 127 276 127 276 127 276
1589 125 277 125 277 125 277 125 277
1590 126 279 126 279 126 279 126 279
1591 126 281 126 281 126 281 126 281
1592 124 286 124 286 124 286 124 286
1593 125 288 125 288 125 288 125 288
1594 125 290 125 290 125 290 125 290
1595 127 287 127 287 127 287 127 287
1596 128 284 128 284 128 284 128 284
1597 130 284 130 284 130 284 130 284
1598 135 279 135 279 135 279 135 279
1599 137 282 137 282 137 282 137 282
1600 137 282 137 282 137 282 137 282
1601 139 282 139 282 139 282 139 282
1602 140 284 140 284 140 284 140 284
1603 141 286 141 286 141 286 141 286
1604 142 285 142 285 142 285 142 285
1605 144 283 144 283 144 283 144 283
1606 141 286 141 286 141 286 141 286
1607 140 287 140 287 140 287 140 287
1608 144 285 144 285 144 285 144 285
1609 150 281 150 281 150 281 150 281
1610 152 275 152 275 152 275 152 275
1611 155 271 155 271 155 271 155 271
1612 154 271 154 271 154 271 154 271
1613 154 272 154 272 154 272 154 272
1614 158 272 158 272 158 272 158 272
1615 160 269 160 269 160 269 160 269
1616 162 265 162 265 162 265 162 265
1617 163 265 163 265 163 265 163 265
1618 164 268 164 268 164 268 164 268
1619 160 276 160 276 160 276 160 276
1620 159 281 159 281 159 281 159 281
1621 159 276 159 276 159 276 159 276
1622 157 276 157 276 157 276 157 276
1623 159 276 159 276 159 276 159 276
1624 159 278 159 278 159 278 159 278
1625 161 276 161 276 161 276 161 276
1626 163 272 163 272 163 272 163 272
1627 165 274 165 274 165 274 165 274
1628 165 272 165 272 165 272 165 272
1629 167 272 167 272 167 272 167 272
1630 169 269 169 269 169 269 169 269
1631 169 270 169 270 169 270 169 270
1632 170 270 170 270 170 270 170 270
1633 166 272 166 272 166 272 166 272
1634 166 272 166 272 166 272 166 272
1635 166 272 166 272 166 272 166 272
1636 167 274 167 274 167 274 167 274
1637 167 274 167 274 167 274 167 274
1638 165 278 165 278 165 278 165 278
1639 165 278 165 278 165 278 165 278
1640 163 282 163 282 163 282 163 282
1641 163 281 163 281 163 281 163 281
1642 164 280 164 280 164 280 164 280
1643 166 284 166 284 166 284 166 284
1644 165 280 165 280 165 280 165 280
1645 166 283 166 283 166 283 166 283
1646 167 281 167 281 167 281 167 281
1647 168 279 168 279 168 279 168 279
1648 169 276 169 276 169 276 169 276
1649 169 272 169 272 169 272 169 272
1650 171 272 171 272 171 272 171 272
1651 169 273 169 273 169 273 169 273
1652 169 271 169 271 169 271 169 271
1653 168 269 168 269 168 269 168 269
1654 170 268 170 268 170 268 170 268
1655 172 266 172 266 172 266 172 266
1656 173 264 173 264 173 264 173 264
1657 173 264 173 264 173 264 173 264
1658 172 261 172 261 172 261 172 261
1659 173 262 173 262 173 262 173 262
1660 174 265 174 265 174 265 174 265
1661 174 261 174 261 174 261 174 261
1662 175 261 175 261 175 261 175 261
1663 174 261 174 261 174 261 174 261
1664 176 257 176 257 176 257 176 257
1665 177 255 177 255 177 255 177 255
1666 178 253 178 253 178 253 178 253
1667 176 254 176 254 176 254 176 254
1668 176 254 176 254 176 254 176 254
1669 177 252 177 252 177 252 177 252
1670 175 252 175 252 175 252 175 252
1671 176 251 176 251 176 251 176 251
1672 178 250 178 250 178 250 178 250
1673 177 250 177 250 177 250 177 250
1674 176 250 176 250 176 250 176 250
1675 176 249 176 249 176 249 176 249
1676 181 247 181 247 181 247 181 247
1677 181 248 181 248 181 248 181 248
1678 181 244 181 244 181 244 181 244
1679 182 244 182 244 182 244 182 244
1680 181 244 181 244 181 244 181 244
1681 177 245 177 245 177 245 177 245
1682 179 246 179 246 179 246 179 246
1683 181 246 181 246 181 246 181 246
1684 186 242 186 242 186 242 186 242
1685 190 237 190 237 190 237 190 237
1686 189 236 189 236 189 236 189 236
1687 189 237 189 237 189 237 189 237
1688 191 237 191 237 191 237 191 237
1689 191 235 191 235 191 235 191 235
1690 192 234 192 234 192 234 192 234
1691 191 233 191 233 191 233 191 233
1692 198 231 198 231 198 231 198 231
1693 199 224 199 224 199 224 199 224
1694 203 217 203 217 203 217 203 217
1695 205 215 205 215 205 215 205 215
1696 206 219 206 219 206 219 206 219
1697 201 220 201 220 201 220 201 220
1698 199 227 199 227 199 227 199 227
1699 197 226 197 226 197 226 197 226
1700 197 224 197 224 197 224 197 224
1701 198 224 198 224 198 224 198 224
1702 194 226 194 226 194 226 194 226
1703 198 229 198 229 198 229 198 229
1704 197 231 197 231 197 231 197 231
1705 198 234 198 234 198 234 198 234
1706 199 233 199 233 199 233 199 233
1707 197 236 197 236 197 236 197 236
1708 197 240 197 240 197 240 197 240
1709 199 245 199 245 199 245 199 245
1710 206 252 206 252 206 252 206 252
1711 206 258 206 258 206 258 206 258
1712 206 261 206 261 206 261 206 261
1713 209 263 209 263 209 263 209 263
1714 210 266 210 266 210 266 210 266
1715 216 262 216 262 216 262 216 262
1716 219 261 219 261 219 261 219 261
1717 224 254 224 254 224 254 224 254
1718 224 260 224 260 224 260 224 260
1719 225 264 225 264 225 264 225 264
1720 228 269 228 269 228 269 228 269
1721 229 268 229 268 229 268 229 268
1722 228 267 228 267 228 267 228 267
1723 235 267 235 267 235 267 235 267
1724 234 269 234 269 234 269 234 269
1725 235 264 235 264 235 264 235 264
1726 234 263 234 263 234 263 234 263
1727 232 260 232 260 232 260 232 260
1728 222 262 222 262 222 262 222 262
1729 214 260 214 260 214 260 214 260
1730 204 266 204 266 204 266 204 266
1731 202 268 202 268 202 268 202 268
1732 187 262 187 262 187 262 187 262
1733 169 277 169 277 169 277 169 277
1734 164 279 164 279 164 279 164 279
1735 149 295 149 295 149 295 149 295
1736 146 299 146 299 146 299 146 299
1737 144 295 144 295 144 295 144 295
1738 147 281 147 281 147 281 147 281
1739 141 287 141 287 141 287 141 287
1740 135 296 135 296 135 296 135 296
1741 135 299 135 299 135 299 135 299
1742 139 299 139 299 139 299 139 299
1743 142 300 142 300 142 300 142 300
1744 144 306 144 306 144 306 144 306
1745 146 309 146 309 146 309 146 309
1746 153 306 153 306 153 306 153 306
1747 155 303 155 303 155 303 155 303
1748 159 302 159 302 159 302 159 302
1749 160 301 160 301 160 301 160 301
1750 161 303 161 303 161 303 161 303
1751 167 300 167 300 167 300 167 300
1752 168 295 168 295 168 295 168 295
1753 169 295 169 295 169 295 169 295
1754 167 292 167 292 167 292 167 292
1755 168 289 168 289 168 289 168 289
1756 171 284 171 284 171 284 171 284
1757 172 282 172 282 172 282 172 282
1758 170 281 170 281 170 281 170 281
1759 169 281 169 281 169 281 169 281
1760 168 281 168 281 168 281 168 281
1761 168 282 168 282 168 282 168 282
1762 171 281 171 281 171 281 171 281
1763 174 281 174 281 174 281 174 281
1764 171 284 171 284 171 284 171 284
1765 170 285 170 285 170 285 170 285
1766 170 286 170 286 170 286 170 286
1767 173 284 173 284 173 284 173 284
1768 175 284 175 284 175 284 175 284
1769 172 291 172 291 172 291 172 291
1770 170 290 170 290 170 290 170 290
1771 170 290 170 290 170 290 170 290
1772 174 288 174 288 174 288 174 288
1773 174 284 174 284 174 284 174 284
1774 174 284 174 284 174 284 174 284
1775 169 288 169 288 169 288 169 288
1776 167 291 167 291 167 291 167 291
1777 165 292 165 292 165 292 165 292
1778 166 289 166 289 166 289 166 289
1779 169 285 169 285 169 285 169 285
1780 166 288 166 288 166 288 166 288
1781 167 289 167 289 167 289 167 289
1782 166 290 166 290 166 290 166 290
1783 167 289 167 289 167 289 167 289
1784 167 285 167 285 167 285 167 285
1785 167 283 167 283 167 283 167 283
1786 165 284 165 284 165 284 165 284
1787 166 281 166 281 166 281 166 281
1788 168 277 168 277 168 277 168 277
1789 169 274 169 274 169 274 169 274
1790 169 273 169 273 169 273 169 273
1791 171 272 171 272 171 272 171 272
1792 169 271 169 271 169 271 169 271
1793 173 267 173 267 173 267 173 267
1794 172 265 172 265 172 265 172 265
1795 173 262 173 262 173 262 173 262
1796 175 260 175 260 175 260 175 260
1797 178 258 178 258 178 258 178 258
1798 178 257 178 257 178 257 178 257
1799 183 256 183 256 183 256 183 256
1800 180 257 180 257 180 257 180 257
1801 179 257 179 257 179 257 179 257
1802 178 257 178 257 178 257 178 257
1803 179 256 179 256 179 256 179 256
1804 181 255 181 255 181 255 181 255
1805 181 255 181 255 181 255 181 255
1806 186 257 186 257 186 257 186 257
1807 183 255 183 255 183 255 183 255
1808 181 258 181 258 181 258 181 258
1809 183 259 183 259 183 259 183 259
1810 182 257 182 257 182 257 182 257
1811 183 256 183 256 183 256 183 256
1812 185 256 185 256 185 256 185 256
1813 184 259 184 259 184 259 184 259
1814 185 263 185 263 185 263 185 263
1815 183 266 183 266 183 266 183 266
1816 184 263 184 263 184 263 184 263
1817 185 260 185 260 185 260 185 260
1818 188 260 188 260 188 260 188 260
1819 188 261 188 261 188 261 188 261
1820 191 261 191 261 191 261 191 261
1821 188 264 188 264 188 264 188 264
1822 187 264 187 264 187 264 187 264
1823 188 264 188 264 188 264 188 264
1824 188 262 188 262 188 262 188 262
1825 187 262 187 262 187 262 187 262
1826 188 263 188 263 188 263 188 263
1827 189 260 189 260 189 260 189 260
1828 189 260 189 260 189 260 189 260
1829 189 259 189 259 189 259 189 259
1830 187 259 187 259 187 259 187 259
1831 185 259 185 259 185 259 185 259
1832 187 257 187 257 187 257 187 257
1833 185 255 185 255 185 255 185 255
1834 189 252 189 252 189 252 189 252
1835 189 252 189 252 189 252 189 252
1836 189 252 189 252 189 252 189 252
1837 190 251 190 251 190 251 190 251
1838 192 248 192 248 192 248 192 248
1839 191 247 191 247 191 247 191 247
1840 193 247 193 247 193 247 193 247
1841 191 249 191 249 191 249 191 249
1842 191 248 191 248 191 248 191 248
1843 192 251 192 251 192 251 192 251
1844 192 251 192 251 192 251 192 251
1845 192 252 192 252 192 252 192 252
1846 193 253 193 253 193 253 193 253
1847 192 255 192 255 192 255 192 255
1848 192 256 192 256 192 256 192 256
1849 190 255 190 255 190 255 190 255
1850 188 255 188 255 188 255 188 255
1851 189 256 189 256 189 256 189 256
1852 190 255 190 255 190 255 190 255
1853 190 257 190 257 190 257 190 257
1854 191 254 191 254 191 254 191 254
1855 189 253 189 253 189 253 189 253
1856 193 251 193 251 193 251 193 251
1857 191 252 191 252 191 252 191 252
1858 192 251 192 251 192 251 192 251
1859 192 251 192 251 192 251 192 251
1860 193 252 193 252 193 252 193 252
1861 192 247 192 247 192 247 192 247
1862 193 251 193 251 193 251 193 251
1863 194 252 194 252 194 252 194 252
1864 193 247 193 247 193 247 193 247
1865 194 248 194 248 194 248 194 248
1866 192 246 192 246 192 246 192 246
1867 194 246 194 246 194 246 194 246
1868 195 248 195 248 195 248 195 248
1869 194 244 194 244 194 244 194 244
1870 194 246 194 246 194 246 194 246
1871 194 246 194 246 194 246 194 246
1872 194 247 194 247 194 247 194 247
1873 194 247 194 247 194 247 194 247
1874 194 248 194 248 194 248 194 248
1875 197 244 197 244 197 244 197 244
1876 197 243 197 243 197 243 197 243
1877 203 244 203 244 203 244 203 244
1878 188 209 188 209 188 209 188 209
1879 182 222 182 222 182 222 182 222
1880 180 226 180 226 180 226 180 226
1881 170 235 170 235 170 235 170 235
1882 170 243 170 243 170 243 170 243
1883 168 257 168 257 168 257 168 257
1884 164 269 164 269 164 269 164 269
1885 161 269 161 269 161 269 161 269
1886 159 280 159 280 159 280 159 280
1887 157 272 157 272 157 272 157 272
1888 159 278 159 278 159 278 159 278
1889 163 281 163 281 163 281 163 281
1890 163 280 163 280 163 280 163 280
1891 171 283 171 283 171 283 171 283
1892 178 279 178 279 178 279 178 279
1893 178 271 178 271 178 271 178 271
1894 179 270 179 270 179 270 179 270
1895 183 268 183 268 183 268 183 268
1896 183 268 183 268 183 268 183 268
1897 183 270 183 270 183 270 183 270
1898 180 273 180 273 180 273 180 273
1899 181 274 181 274 181 274 181 274
1900 185 276 185 276 185 276 185 276
1901 184 277 184 277 184 277 184 277
1902 186 279 186 279 186 279 186 279
1903 184 283 184 283 184 283 184 283
1904 183 290 183 290 183 290 183 290
1905 178 295 178 295 178 295 178 295
1906 180 298 180 298 180 298 180 298
1907 173 306 173 306 173 306 173 306
1908 169 308 169 308 169 308 169 308
1909 172 308 172 308 172 308 172 308
1910 172 309 172 309 172 309 172 309
1911 174 308 174 308 174 308 174 308
1912 179 303 179 303 179 303 179 303
1913 180 301 180 301 180 301 180 301
1914 180 302 180 302 180 302 180 302
1915 180 304 180 304 180 304 180 304
1916 178 303 178 303 178 303 178 303
1917 182 300 182 300 182 300 182 300
1918 181 300 181 300 181 300 181 300
1919 179 299 179 299 179 299 179 299
1920 174 300 174 300 174 300 174 300
1921 174 299 174 299 174 299 174 299
1922 180 292 180 292 180 292 180 292
1923 183 281 183 281 183 281 183 281
1924 185 278 185 278 185 278 185 278
1925 185 275 185 275 185 275 185 275
1926 181 275 181 275 181 275 181 275
1927 186 277 186 277 186 277 186 277
1928 186 275 186 275 186 275 186 275
1929 187 272 187 272 187 272 187 272
1930 189 271 189 271 189 271 189 271
1931 186 270 186 270 186 270 186 270
1932 187 276 187 276 187 276 187 276
1933 188 275 188 275 188 275 188 275
1934 184 279 184 279 184 279 184 279
1935 183 282 183 282 183 282 183 282
1936 182 287 182 287 182 287 182 287
1937 183 292 183 292 183 292 183 292
1938 181 295 181 295 181 295 181 295
1939 181 292 181 292 181 292 181 292
1940 181 292 181 292 181 292 181 292
1941 180 290 180 290 180 290 180 290
1942 180 289 180 289 180 289 180 289
1943 184 287 184 287 184 287 184 287
1944 185 284 185 284 185 284 185 284
1945 187 282 187 282 187 282 187 282
1946 185 284 185 284 185 284 185 284
1947 184 284 184 284 184 284 184 284
1948 186 281 186 281 186 281 186 281
1949 189 280 189 280 189 280 189 280
1950 187 278 187 278 187 278 187 278
1951 187 278 187 278 187 278 187 278
1952 185 278 185 278 185 278 185 278
1953 188 278 188 278 188 278 188 278
1954 191 274 191 274 191 274 191 274
1955 195 266 195 266 195 266 195 266
1956 197 262 197 262 197 262 197 262
1957 196 263 196 263 196 263 196 263
1958 195 263 195 263 195 263 195 263
1959 193 261 193 261 193 261 193 261
1960 193 258 193 258 193 258 193 258
1961 192 256 192 256 192 256 192 256
1962 190 257 190 257 190 257 190 257
1963 191 259 191 259 191 259 191 259
1964 189 259 189 259 189 259 189 259
1965 194 247 194 247 194 247 194 247
1966 201 239 201 239 201 239 201 239
1967 204 235 204 235 204 235 204 235
1968 198 233 198 233 198 233 198 233
1969 199 235 199 235 199 235 199 235
1970 201 234 201 234 201 234 201 234
1971 200 234 200 234 200 234 200 234
1972 201 233 201 233 201 233 201 233
1973 198 233 198 233 198 233 198 233
1974 200 233 200 233 200 233 200 233
1975 201 236 201 236 201 236 201 236
1976 198 236 198 236 198 236 198 236
1977 200 234 200 234 200 234 200 234
1978 201 235 201 235 201 235 201 235
1979 202 231 202 231 202 231 202 231
1980 204 234 204 234 204 234 204 234
1981 208 233 208 233 208 233 208 233
1982 204 235 204 235 204 235 204 235
1983 205 235 205 235 205 235 205 235
1984 205 238 205 238 205 238 205 238
1985 205 241 205 241 205 241 205 241
1986 205 242 205 242 205 242 205 242
1987 205 242 205 242 205 242 205 242
1988 208 242 208 242 208 242 208 242
1989 207 242 207 242 207 242 207 242
1990 208 242 208 242 208 242 208 242
1991 207 242 207 242 207 242 207 242
1992 207 243 207 243 207 243 207 243
1993 207 242 207 242 207 242 207 242
1994 209 247 209 247 209 247 209 247
1995 210 246 210 246 210 246 210 246
1996 212 244 212 244 212 244 212 244
1997 212 243 212 243 212 243 212 243
1998 210 244 210 244 210 244 210 244
1999 210 244 210 244 210 244 210 244
2000 210 243 210 243 210 243 210 243
2001 209 246 209 246 209 246 209 246
2002 208 247 208 247 208 247 208 247
2003 209 246 209 246 209 246 209 246
2004 209 246 209 246 209 246 209 246
2005 209 244 209 244 209 244 209 244
2006 209 244 209 244 209 244 209 244
2007 210 243 210 243 210 243 210 243
2008 208 246 208 246 208 246 208 246
2009 208 248 208 248 208 248 208 248
2010 207 250 207 250 207 250 207 250
2011 205 256 205 256 205 256 205 256
2012 187 265 187 265 187 265 187 265
2013 184 268 184 268 184 268 184 268
2014 174 282 174 282 174 282 174 282
2015 173 291 173 291 173 291 173 291
2016 168 315 168 315 168 315 168 315
2017 158 325 158 325 158 325 158 325
2018 155 325 155 325 155 325 155 325
2019 107 169 107 169 107 169 107 169
2020 152 355 152 355 152 355 152 355
2021 149 361 149 361 149 361 149 361
2022 107 170 107 170 107 170 107 170
2023 107 171 107 171 107 171 107 171
2024 108 172 108 172 108 172 108 172
2025 109 172 109 172 109 172 109 172
2026 111 172 111 172 111 172 111 172
2027 112 172 112 172 112 172 112 172
2028 109 173 109 173 109 173 109 173
2029 105 173 105 173 105 173 105 173
2030 103 176 103 176 103 176 103 176
2031 103 175 103 175 103 175 103 175
2032 103 172 103 172 103 172 103 172
2033 125 299 125 299 125 299 125 299
2034 133 278 133 278 133 278 133 278
2035 130 264 130 264 130 264 130 264
2036 143 268 143 268 143 268 143 268
2037 150 258 150 258 150 258 150 258
2038 162 264 162 264 162 264 162 264
2039 162 264 162 264 162 264 162 264
2040 165 266 165 266 165 266 165 266
2041 168 264 168 264 168 264 168 264
2042 171 257 171 257 171 257 171 257
2043 176 250 176 250 176 250 176 250
2044 178 255 178 255 178 255 178 255
2045 173 258 173 258 173 258 173 258
2046 159 264 159 264 159 264 159 264
2047 145 277 145 277 145 277 145 277
2048 131 293 131 293 131 293 131 293
2049 124 312 124 312 124 312 124 312
2050 92 161 92 161 92 161 92 161
2051 85 157 85 157 85 157 85 157
2052 85 154 85 154 85 154 85 154
2053 85 156 85 156 85 156 85 156
2054 83 157 83 157 83 157 83 157
2055 83 158 83 158 83 158 83 158
2056 82 154 82 154 82 154 82 154
2057 82 155 82 155 82 155 82 155
2058 79 154 79 154 79 154 79 154
2059 79 153 79 153 79 153 79 153
2060 80 153 80 153 80 153 80 153
2061 78 150 78 150 78 150 78 150
2062 166 312 166 312 166 312 166 312
2063 168 301 168 301 168 301 168 301
2064 171 287 171 287 171 287 171 287
2065 168 288 168 288 168 288 168 288
2066 166 288 166 288 166 288 166 288
2067 167 289 167 289 167 289 167 289
2068 164 283 164 283 164 283 164 283
2069 168 285 168 285 168 285 168 285
2070 168 286 168 286 168 286 168 286
2071 168 292 168 292 168 292 168 292
2072 163 297 163 297 163 297 163 297
2073 165 297 165 297 165 297 165 297
2074 169 294 169 294 169 294 169 294
2075 167 294 167 294 167 294 167 294
2076 164 299 164 299 164 299 164 299
2077 160 306 160 306 160 306 160 306
2078 163 309 163 309 163 309 163 309
2079 162 311 162 311 162 311 162 311
2080 157 307 157 307 157 307 157 307
2081 164 303 164 303 164 303 164 303
2082 168 297 168 297 168 297 168 297
2083 170 295 170 295 170 295 170 295
2084 176 289 176 289 176 289 176 289
2085 176 284 176 284 176 284 176 284
2086 177 283 177 283 177 283 177 283
2087 176 281 176 281 176 281 176 281
2088 177 283 177 283 177 283 177 283
2089 176 283 176 283 176 283 176 283
2090 174 283 174 283 174 283 174 283
2091 176 281 176 281 176 281 176 281
2092 173 283 173 283 173 283 173 283
2093 165 290 165 290 165 290 165 290
2094 154 290 154 290 154 290 154 290
2095 150 290 150 290 150 290 150 290
2096 151 286 151 286 151 286 151 286
2097 160 277 160 277 160 277 160 277
2098 168 267 168 267 168 267 168 267
2099 174 269 174 269 174 269 174 269
2100 173 266 173 266 173 266 173 266
2101 171 271 171 271 171 271 171 271
2102 169 271 169 271 169 271 169 271
2103 170 277 170 277 170 277 170 277
2104 176 281 176 281 176 281 176 281
2105 173 282 173 282 173 282 173 282
2106 176 288 176 288 176 288 176 288
2107 173 293 173 293 173 293 173 293
2108 171 291 171 291 171 291 171 291
2109 176 290 176 290 176 290 176 290
2110 177 285 177 285 177 285 177 285
2111 176 284 176 284 176 284 176 284
2112 176 279 176 279 176 279 176 279
2113 176 278 176 278 176 278 176 278
2114 177 275 177 275 177 275 177 275
2115 175 277 175 277 175 277 175 277
2116 173 272 173 272 173 272 173 272
2117 172 274 172 274 172 274 172 274
2118 173 270 173 270 173 270 173 270
2119 173 269 173 269 173 269 173 269
2120 171 266 171 266 171 266 171 266
2121 168 268 168 268 168 268 168 268
2122 169 264 169 264 169 264 169 264
2123 168 260 168 260 168 260 168 260
2124 173 252 173 252 173 252 173 252
2125 174 250 174 250 174 250 174 250
2126 174 246 174 246 174 246 174 246
2127 177 246 177 246 177 246 177 246
2128 180 241 180 241 180 241 180 241
2129 183 237 183 237 183 237 183 237
2130 183 238 183 238 183 238 183 238
2131 182 244 182 244 182 244 182 244
2132 181 250 181 250 181 250 181 250
2133 184 250 184 250 184 250 184 250
2134 185 250 185 250 185 250 185 250
2135 185 243 185 243 185 243 185 243
2136 183 252 183 252 183 252 183 252
2137 179 250 179 250 179 250 179 250
2138 184 244 184 244 184 244 184 244
2139 181 247 181 247 181 247 181 247
2140 186 244 186 244 186 244 186 244
2141 184 255 184 255 184 255 184 255
2142 187 247 187 247 187 247 187 247
2143 187 243 187 243 187 243 187 243
2144 185 252 185 252 185 252 185 252
2145 184 246 184 246 184 246 184 246
2146 186 247 186 247 186 247 186 247
2147 180 246 180 246 180 246 180 246
2148 184 233 184 233 184 233 184 233
2149 183 229 183 229 183 229 183 229
2150 184 232 184 232 184 232 184 232
2151 190 239 190 239 190 239 190 239
2152 185 235 185 235 185 235 185 235
2153 183 236 183 236 183 236 183 236
2154 183 225 183 225 183 225 183 225
2155 189 220 189 220 189 220 189 220
2156 187 221 187 221 187 221 187 221
2157 190 222 190 222 190 222 190 222
2158 188 229 188 229 188 229 188 229
2159 186 219 186 219 186 219 186 219
2160 191 226 191 226 191 226 191 226
2161 189 226 189 226 189 226 189 226
2162 187 232 187 232 187 232 187 232
2163 192 214 192 214 192 214 192 214
2164 194 225 194 225 194 225 194 225
2165 192 223 192 223 192 223 192 223
2166 191 223 191 223 191 223 191 223
2167 192 224 192 224 192 224 192 224
2168 190 219 190 219 190 219 190 219
2169 190 222 190 222 190 222 190 222
2170 193 222 193 222 193 222 193 222
2171 195 221 195 221 195 221 195 221
2172 195 224 195 224 195 224 195 224
2173 193 221 193 221 193 221 193 221
2174 193 214 193 214 193 214 193 214
