286,265,356,335,1
282.52,259.53,352.67,329.69,0.96413
280.15,259.74,351.41,331,0.91827
270.99,251.16,342.85,323.03,0.91124
276.88,253.89,349.43,326.44,0.89352
276.76,249.78,350.22,323.24,0.856
274.14,253.4,347.24,326.51,0.81529
274.27,255.93,348.95,330.61,0.74032
265,243.8,341.95,320.74,0.67883
267.4,248.13,344.48,325.21,0.8538
267.08,250.87,342.33,326.12,0.82745
264.43,243.25,341.52,320.35,0.75809
266.77,245.54,343.67,322.43,0.70404
265.29,240.68,341.26,316.66,0.66884
265.43,239.73,341.78,316.08,0.66432
266.66,245.67,342.7,321.7,0.68302
265.08,248.06,342.03,325.01,0.68707
267.78,249.96,345.53,327.71,0.64901
260.68,247.86,338.18,325.36,0.66884
264.74,250.9,342.24,328.4,0.65504
261.95,250.35,339.34,327.74,0.638
260.66,252.5,337.09,328.93,0.628
263.26,252.6,338.43,327.77,0.6405
259.45,250.79,335.24,326.58,0.56609
264.89,255.16,340.03,330.29,0.56109
261.6,251.81,336.18,326.4,0.52897
264.43,252.61,338.54,326.72,0.51051
264.14,256.4,339.76,332.02,0.64497
267.1,253.48,344.15,330.53,0.62164
272.5,251.08,350.17,328.75,0.54657
269.77,250.92,365.08,346.23,0.69849
269.03,256.58,362.71,350.25,0.77127
266.64,247.42,361.72,342.5,0.77085
261.46,251.75,355.29,345.57,0.7687
264.25,256.99,358.67,351.41,0.75902
261.93,245.8,358.26,342.13,0.73847
260.87,246.98,354.58,340.69,0.73407
260.51,255.58,353.27,348.33,0.73687
257.16,248.25,349.72,340.81,0.72228
258.66,250.79,351.96,344.08,0.71933
258.5,252.48,351.38,345.36,0.69785
260.57,248.5,353.15,341.08,0.68848
257.37,243.29,350.93,336.85,0.65938
260.85,248.48,353.66,341.29,0.65447
260.6,250.6,351.94,341.94,0.66955
260.25,244.61,353.45,337.81,0.65806
258.15,246.94,350.88,339.67,0.66524
260.3,248.51,350.66,338.87,0.64876
259.27,245.34,349.61,335.68,0.6358
262.18,246.38,353.36,337.56,0.63943
263.08,248.66,353.42,339,0.64272
265.49,251.58,354.9,340.99,0.61163
272.59,235.88,347.53,310.82,0.55777
267.26,235.91,340.34,308.98,0.59956
278,220,393,335,0.69654
279,242.25,381,344.25,0.64813
284.12,248.45,379.09,343.41,0.65334
289.15,244.15,370.54,325.54,0.71998
287.19,249.45,365.38,327.64,0.71757
282.81,248.48,359.81,325.48,0.75708
271.83,252.01,359.62,339.79,0.6711
274.22,239.09,355.48,320.35,0.72632
267.86,242.2,354.19,328.53,0.81267
269.08,245.27,357.94,334.13,0.7769
264.99,244.8,354.71,334.51,0.82973
265.47,245.57,355.43,335.53,0.78054
266.7,249.09,357.48,339.86,0.79755
267.84,246.76,358.14,337.05,0.49836
268,250,326,308,0.56089
275.91,254.36,353.18,331.64,0.63125
278.57,255.85,354.61,331.88,0.73091
278.7,255.92,352.42,329.63,0.65796
275.29,252.95,350.78,328.44,0.62905
280.71,252.17,356.94,328.4,0.61337
285.1,251.45,359.11,325.46,0.53029
285.8,252.73,360.88,327.8,0.56028
288.39,246.77,364.69,323.07,0.56122
291.09,250.58,365.99,325.49,0.60977
290.58,259.93,367.31,336.67,0.63565
283.29,256.93,363.07,336.71,0.65237
284,261,366.45,343.45,0.69498
285.11,259.41,372.8,347.09,0.67192
279.16,257.52,368,346.36,0.63285
278.7,257.59,367.96,346.85,0.61622
279,262,337,320,0.70843
281.65,264.2,339.18,321.74,0.6943
279.7,264,341.05,325.35,0.68638
276.25,262.11,338.32,324.18,0.6936
278.98,267.6,340.23,328.85,0.67623
277.97,261.92,341.28,325.24,0.63326
277.99,263.56,342.06,327.64,0.61994
276.25,267.96,339.74,331.45,0.62826
275.91,260.53,339.78,324.4,0.57283
276.15,262.75,337.05,323.65,0.54901
NaN,NaN,NaN,NaN,NaN
285,261.67,377.5,354.17,0.68438
282.64,257.41,375.08,349.85,0.69254
276.08,255.35,371.62,350.89,0.73587
275.56,258.14,372.65,355.23,0.81116
277.46,256.2,372.27,351.01,0.89355
279.08,258.93,372.86,352.71,0.89682
279.74,253.52,373.57,347.35,0.86538
279.54,258.67,373.09,352.22,0.76169
277.04,254.9,369.13,346.99,0.81625
277.12,255.29,369,347.18,0.81799
276.9,255.4,368.93,347.43,0.76025
276.53,252.13,368.8,344.4,0.73537
280.43,256.01,370.44,346.02,0.69573
276.49,260.71,365.71,349.93,0.69196
283.36,257.99,381.08,355.7,0.64561
303,277,404,378,0.62315
365,319,425,379,1
426.16,306.78,490.37,370.99,0.40626
442,315.96,502.04,376,0.40508
447.04,316.37,507.76,377.1,0.41236
392.92,293.28,467.62,367.99,0.40079
308,278,368,338,1
299.74,264.85,366.01,331.13,0.41057
270,240,354,324,0.67875
261.78,248.86,343.91,330.99,0.78221
252.81,252.17,343.54,342.9,0.65133
260.21,256.21,357.43,353.43,0.68004
257.04,261.27,357.82,362.05,0.77129
261.9,257.23,359.61,354.94,0.76806
257.4,264.97,354.96,362.52,0.78969
249.69,272.48,344.77,367.56,0.82963
249.2,272.13,344.98,367.91,0.78997
247.93,272.07,343.14,367.28,0.78986
248.8,264.52,345.45,361.17,0.79655
251.31,268.06,345.97,362.73,0.80005
253.8,269.66,346.99,362.85,0.79034
253.05,268.86,345.72,361.52,0.79209
253,266.33,345.15,358.48,0.79992
253.84,275.76,345.9,367.83,0.79284
251.79,275.03,344.46,367.7,0.79488
254.83,270.11,347.71,362.99,0.79157
253.73,272.47,345.93,364.67,0.77491
258.27,277.92,348.73,368.38,0.72774
255.48,270.14,346.25,360.92,0.72535
261.89,277.89,353.26,369.26,0.71925
257.91,269.56,349.72,361.37,0.68366
259.68,279.4,350.72,370.44,0.68733
263,279.02,355.66,371.68,0.65399
260.46,278.92,351.4,369.87,0.6539
267.77,289.77,367.85,389.85,0.6745
279.21,295.21,375.89,391.89,0.70604
280.66,290.14,376.65,386.13,0.69562
264.1,276.23,369.73,381.87,0.71553
262.38,287.22,370.29,395.14,0.7271
254.04,289.34,362.57,397.87,0.77344
254.2,281.3,364.37,391.46,0.76793
253.06,294.52,362.27,403.73,0.75482
249.95,285.77,359.37,395.19,0.78637
252.82,291.75,362.3,401.23,0.78243
253.88,290.86,363.38,400.35,0.77485
256,291.32,363.05,398.36,0.78974
256.9,295.79,363.87,402.76,0.78832
256.23,289.19,366.1,399.06,0.79124
254.06,283.17,366,395.11,0.77455
255.99,284.29,367.03,395.32,0.77077
258.89,291.17,370.14,402.41,0.76376
259.98,288.19,371.76,399.97,0.80382
264.31,295.4,372.64,403.74,0.80574
262.14,295.73,370.27,403.87,0.8145
262,301.87,369.79,409.66,0.81017
273.38,302.31,379.38,408.31,0.82859
276.95,292.33,385.18,400.55,0.77213
298.24,303.06,403.14,407.97,0.74097
307.58,298.32,406.33,397.07,0.7045
294.82,298.91,391.73,395.82,0.67092
290.15,296.86,394.59,401.3,0.56183
282.36,287.34,383.79,388.77,0.54283
276.47,277.1,388.17,388.8,0.66482
274.72,274.52,386.75,386.55,0.69656
272.14,285.47,381.63,394.97,0.70772
275.31,274.65,387.95,387.28,0.7296
279.61,284.36,389.57,394.32,0.71683
275.73,282.38,387.9,394.55,0.71258
276.78,282.86,388.74,394.82,0.74035
279.45,290.59,390.3,401.44,0.70918
280.46,290.7,390.44,400.68,0.70355
280.05,292.7,391.01,403.65,0.7129
280.33,292.31,391.8,403.77,0.69023
283.35,294.09,394.75,405.49,0.70807
284.72,292.39,396,403.66,0.76825
291.18,307.04,400.57,416.43,0.80183
277.88,291.98,390.81,404.91,0.74409
270.4,306.69,365.35,401.64,0.72688
252,328,353,429,0.66477
237.13,329.42,341.69,433.98,0.67154
238.08,329.79,344.62,436.33,0.63656
238.52,323.63,347.42,432.53,0.67553
232.54,335.11,339.31,441.88,0.65815
231.6,329.13,339.21,436.74,0.67517
235.93,337.32,340.96,442.35,0.66327
237.98,331.42,344.88,438.32,0.67337
234.93,327.34,343.06,435.47,0.68287
236.27,334.98,342.42,441.13,0.69597
232.68,327.88,338.69,433.88,0.69647
233,333.3,338.37,438.67,0.68621
235.82,327.5,341.8,433.48,0.67584
235.94,332.21,341.29,437.56,0.6651
234.56,327.17,341.65,434.26,0.6578
235.8,333.55,341.04,438.79,0.66138
237.87,337.87,343.17,443.17,0.66806
238.16,338.73,342.08,442.65,0.648
251,371,321,441,0.65119
249.51,365.71,322.05,438.25,0.65385
247.14,366.32,321.16,440.34,0.65452
253.77,370.79,327.35,444.37,0.65009
258.52,372.11,330.31,443.9,0.63672
260.06,368.99,333.11,442.04,0.63587
260.2,371.6,333.75,445.15,0.62967
261.05,375.4,334.07,448.43,0.59363
264.01,376.31,335.34,447.63,0.56672
267.94,377.75,340.08,449.9,0.55123
265.19,368.98,340.1,443.89,0.52344
265.28,371.2,339.03,444.95,0.51135
260.98,373.64,336.09,448.75,0.53205
257.58,369.88,334.78,447.08,0.54135
257.18,369.08,334.86,446.76,0.57486
256.73,372.98,332.1,448.35,0.59613
256.18,377.59,332.01,453.42,0.56865
256.76,375.43,333.66,452.32,0.55879
253.04,373.36,330.56,450.88,0.55603
251.09,374.28,328.67,451.85,0.58111
252.17,377.5,328.17,453.5,0.56603
255.24,374.56,332.05,451.37,0.5683
255.89,378.15,331.2,453.47,0.56235
258.12,371.15,332.44,445.47,0.54884
262.61,375.15,336.76,449.3,0.53948
260.41,373.34,335.09,448.02,0.52467
263.03,369.81,337.36,444.15,0.53955
265.49,366.13,339.95,440.59,0.51541
265.37,368.26,340.42,443.31,0.53087
269.72,359.47,345.78,435.53,0.51863
270.91,347.22,348.41,424.72,0.57861
273.27,337.68,349.24,413.65,0.56586
271.18,344.79,345.61,419.23,0.50148
287,352,347,412,1
284.5,339.63,344.81,399.94,0.40542
279.41,347.49,339.83,407.91,0.39756
287.95,369.58,338.24,419.88,0.46173
284.21,411.91,332.17,459.88,0.47105
NaN,NaN,NaN,NaN,NaN
NaN,NaN,NaN,NaN,NaN
270,313,330,373,1
243.75,283.58,355.83,395.67,0.66837
238.29,300.26,351.85,413.82,0.67985
233.58,331.92,340.94,439.27,0.62489
235.22,326.3,348.53,439.61,0.63281
230.53,334.46,341.79,445.73,0.65941
237.27,333.27,346.62,442.62,0.67994
237.41,334.57,345.59,442.76,0.66932
240.69,337.58,347.58,444.47,0.67382
242.29,333.71,347.57,439,0.6764
241.03,335.78,345.71,440.45,0.67127
245.71,334.67,352.62,441.57,0.67917
240.73,335.45,346.3,441.02,0.66913
245.38,339.92,350.49,445.03,0.66704
242.36,334.2,348.33,440.17,0.67972
242.27,337.67,346,441.4,0.67351
238.91,330.1,347.65,438.83,0.68815
236.65,326.53,347.34,437.22,0.69173
232.47,326.47,344.03,438.03,0.69503
234.23,328.09,345.37,439.23,0.69374
236.88,327.94,346.84,437.9,0.67592
235.08,331.74,342.34,439.01,0.6755
237.11,335.6,344.85,443.33,0.6626
236.07,334.08,342.79,440.8,0.66545
233.45,330.88,341.27,438.7,0.67844
236.06,331.15,345.41,440.5,0.67858
230,357,290,417,1
234.5,340.5,327,433,0.67266
237.03,344.08,327.15,434.19,0.66248
238.87,342.12,330.02,433.27,0.67387
238.71,345.47,327.82,434.58,0.67433
241.63,348.87,328.87,436.11,0.63145
241.71,349.05,329.51,436.85,0.62655
243.08,348.99,329.75,435.66,0.59683
247.78,353.8,329.39,435.41,0.57127
242.44,352.47,323.14,433.16,0.54878
245.86,355.65,325.31,435.1,0.54893
253.55,365.24,331.62,443.31,0.54829
250.73,365.05,328.42,442.74,0.54622
252.97,351.07,334.29,432.39,0.55211
252,373,312,433,1
240.61,376.7,306.99,443.08,0.39969
234.65,378.03,297.97,441.36,0.39078
223.1,371.78,289.88,438.56,0.427
215.43,362.94,286.16,433.67,0.45208
204.75,367.68,273.24,436.17,0.46849
208.46,373.63,279.49,444.67,0.47605
210.16,368.26,278.96,437.06,0.46509
211.32,371.18,281.65,441.51,0.45726
210.16,371.38,278.57,439.79,0.44728
210.29,373.28,278.25,441.24,0.4513
215.46,376.74,283.62,444.9,0.43949
213.62,369.74,283.98,440.11,0.42066
216.31,372.49,284.73,440.91,0.42839
224.76,381.28,289.98,446.49,0.41764
225.47,387.54,285.49,447.57,0.42959
230.02,393.18,288.72,451.87,0.42631
230.67,373.47,291.68,434.48,0.43286
225.52,371.16,289.21,434.85,0.42677
219.7,371.5,287.99,439.78,0.43298
213.04,362.37,284.58,433.91,0.44989
208.69,367.96,278.15,437.41,0.46467
204.88,365.48,274.34,434.93,0.47304
202.79,367.45,272.05,436.71,0.47745
200.73,362.37,271.09,432.72,0.45832
199.61,365.55,269.39,435.33,0.47465
195.47,363.41,265.31,433.25,0.48032
192.15,366.87,261.24,435.96,0.48922
193.03,366.07,260.81,433.86,0.48284
193.63,367.1,261.25,434.72,0.48168
195.9,375.11,260.09,439.3,0.47257
199.61,374.52,262.23,437.15,0.46081
210.69,384.1,271.32,444.73,0.448
222.59,382.26,284.44,444.11,0.42234
261.39,362.66,318.68,419.95,0.36698
280,370,340,430,1
272.57,370.74,335.79,433.96,0.39702
265.31,341.91,334.59,411.19,0.4002
270.85,339.03,350.95,419.13,0.45849
271.2,305.67,365.16,399.63,0.48994
275.54,331.17,366.84,422.47,0.50173
281.24,337.2,369.68,425.65,0.52561
282.17,329.87,375.02,422.71,0.5259
273.72,330.22,367.66,424.15,0.54697
277.12,330.66,371.09,424.63,0.60681
279.57,332.76,371.39,424.57,0.63435
283.11,331.19,374.38,422.46,0.65709
293.75,331.95,383.72,421.93,0.7381
290.23,332.02,380.73,422.53,0.74802
285.33,322.97,376.01,413.65,0.76385
279.69,323.8,370.27,414.38,0.74396
279.76,331.9,369.09,421.23,0.74583
289.12,329.42,379.68,419.98,0.88865
286.76,327.47,377.5,418.21,0.74457
286.51,323.91,377.28,414.68,0.74299
285.46,329.4,375.72,419.66,0.71206
283.45,325.5,375.13,417.18,0.65989
280.29,330.01,371.7,421.42,0.6341
281.37,336.13,371.29,426.04,0.61583
282.3,333.02,371.3,422.01,0.61028
295.56,335.84,372.94,413.22,0.49445
330,385,390,445,1
341.68,387.23,408.51,454.06,0.4327
NaN,NaN,NaN,NaN,NaN
NaN,NaN,NaN,NaN,NaN
NaN,NaN,NaN,NaN,NaN
310,363,370,423,1
292.24,365.17,349.85,422.78,0.38208
288,328,389,429,0.72147
283.62,334.72,385.71,436.81,0.7356
279.06,337.15,383.26,441.35,0.74257
282.05,334.82,387.31,440.08,0.74642
290.29,345.81,396.62,452.14,0.70098
293.46,335.35,398.43,440.31,0.66745
287.57,333.62,393.48,439.53,0.93796
282.59,332.7,391.22,441.33,0.86464
283.6,336.26,392.52,445.19,0.87738
280.31,341.4,389.44,450.53,0.89021
282.69,338.95,389.52,445.77,0.89052
282.85,335.67,391.62,444.45,0.7885
279.27,334.76,385.61,441.1,0.84287
279.17,338.2,389.39,448.42,0.84885
278.83,337.79,390.99,449.94,0.83846
279.65,343.88,390.24,454.47,0.8474
284.88,346.68,394.34,456.15,0.76535
286.1,344.5,396.17,454.57,0.70965
285.19,352.4,392.69,459.91,0.68706
287.91,351.37,394.77,458.23,0.67007
287.89,351.93,394.98,459.02,0.67242
288.21,346.02,395.17,452.98,0.68809
288.82,351.04,395.85,458.06,0.67082
292.18,348.02,400.95,456.8,0.66996
297.85,337.7,411.73,451.58,0.68212
282.26,314.16,407.66,439.56,0.69573
278.32,306.74,399.85,428.27,0.66995
296.25,315.17,411.75,430.67,0.73974
296.25,311.97,411.34,427.07,0.83029
305.43,315.07,420.33,429.97,0.83435
301.02,320.49,413.34,432.81,0.85416
300.63,323.66,412.9,435.92,0.82957
300.8,325.82,414.29,439.31,0.7827
301.27,323.91,413.18,435.83,0.77386
303.16,326.62,413.49,436.95,0.78212
303.71,326.9,413.85,437.05,0.79186
369.59,202.69,447.6,280.7,0.27933
375.25,170.75,467.75,263.25,0.68472
378.68,173.85,470.69,265.87,0.70347
379.46,173.76,470.46,264.77,0.6992
374.84,161.81,466.44,253.42,0.91074
381.12,168.36,471.02,258.26,0.84292
376.41,165.69,467.23,256.51,0.82982
378.5,172.17,467.73,261.39,0.83863
377.94,183.73,470.05,275.84,0.76883
377.48,177.33,467.85,267.7,0.71764
376.59,181.43,467.28,272.12,0.60443
371.35,183.87,463.59,276.12,0.57222
367.51,186.46,457.87,276.82,0.62779
381.14,187.49,470.24,276.59,0.64937
382.7,199.31,470.05,286.67,0.5423
388.1,186.98,476.1,274.99,0.57344
382.95,187.97,470.28,275.31,0.59474
386.03,181.09,465.05,260.11,0.74778
385.85,192.68,462.61,269.44,0.70275
404,184,464,244,1
399.95,180.83,466.93,247.81,0.38879
409,161,467,219,0.6506
NaN,NaN,NaN,NaN,NaN
NaN,NaN,NaN,NaN,NaN
NaN,NaN,NaN,NaN,NaN
NaN,NaN,NaN,NaN,NaN
NaN,NaN,NaN,NaN,NaN
NaN,NaN,NaN,NaN,NaN
362,187,422,247,1
342.24,162.99,420.71,241.47,0.45428
322.07,158.98,419.67,256.58,0.47525
320.27,159.95,430.52,270.2,0.40877
313.7,158.69,424.53,269.52,0.45179
312.32,162.63,423.41,273.72,0.46352
301.13,176.9,413.74,289.52,0.47972
306.77,180.62,421.19,295.04,0.48184
301,217,361,277,1
297.76,211.83,359.49,273.56,0.40345
307.07,202.86,372.02,267.82,0.37558
303.7,209.5,370.53,276.33,0.37079
305.81,201.24,372.23,267.66,0.37311
305,200,365,260,1
296.52,203.3,360.29,267.06,0.37768
300.07,203.57,360.27,263.77,0.39409
298.45,198.45,359.04,259.04,0.38968
298.9,200.64,361.51,263.26,0.3846
293.43,204.46,356.19,267.22,0.38139
293.1,196.52,356.19,259.62,0.38912
298.89,199.01,361.62,261.74,0.39872
322,162,444,284,0.66807
322.04,158.66,446.82,283.44,0.66131
318.02,162.29,437.89,282.15,0.67514
321.44,164.02,440.99,283.57,0.67912
321.05,163.44,440.24,282.62,0.69375
317.74,165.35,436.54,284.15,0.68382
320.91,157.75,441.99,278.83,0.69423
316.04,155.08,437.67,276.71,0.69977
316.27,166.24,436.14,286.11,0.69628
317.18,166.32,435.6,284.75,0.69443
311.68,171.19,431.93,291.44,0.66159
314.92,170.5,432.66,288.24,0.65863
317.23,167.88,434.87,285.52,0.66957
323.16,169.29,437.05,283.18,0.70798
326.11,166.78,439.63,280.31,0.71929
317.59,170.57,434.49,287.47,0.61773
316.7,172.79,435.56,291.66,0.57624
315.64,171.74,431.15,287.24,0.60087
319.43,181.52,434.53,296.63,0.55402
326,178.54,437.41,289.95,0.91777
325.07,180.75,438.12,293.8,0.87383
326.33,182.55,440.54,296.76,0.828
328.69,184.18,440.15,295.64,0.8232
334,186.52,444.19,296.71,0.88618
334.11,186.44,441.94,294.27,0.87133
336.73,184.43,445.15,292.85,0.85863
333.57,188.45,442.62,297.5,0.86907
333.35,188,442.74,297.39,0.87843
328.25,188.18,439.16,299.09,0.87586
329.02,186.87,439.65,297.5,0.89317
328.46,183.37,436.77,291.67,0.88946
332.46,182.8,441.92,292.26,0.88227
333.53,185.48,442.77,294.71,0.90138
333.65,186.59,443.78,296.72,0.89511
333.51,188.29,443.86,298.65,0.886
330.48,185.85,441.72,297.09,0.87188
327.87,190.69,439.07,301.89,0.86163
332.13,192.26,443.47,303.6,0.87465
329.44,187.98,440.22,298.76,0.88277
328.6,187.52,439.46,298.37,0.88128
323.78,209.56,431.44,317.22,0.729
312.6,213.46,427.95,328.81,0.73025
323.93,210.64,430.06,316.77,0.69676
322.76,209.58,430.98,317.8,0.70411
321.7,204.32,433.94,316.56,0.75718
316.53,202.45,431.89,317.81,0.73875
317.98,211.69,436.46,330.17,0.71425
316.27,213.78,433.52,331.02,0.94555
319.54,210.52,432.41,323.39,0.92772
320.27,215.51,433.22,328.46,0.91064
324.82,214.24,434.82,324.25,0.80584
327.69,216.91,438.8,328.02,0.79435
329.04,220.63,438.83,330.42,0.7571
329.81,222.79,440.92,333.9,0.77331
326.9,221.88,439.8,334.78,0.79788
327.05,221.82,439.09,333.85,0.84638
332.2,227.32,446.08,341.2,0.84965
333.11,227.04,446.34,340.28,0.85937
331.69,229.14,445.39,342.84,0.83391
331.77,229.41,446.29,343.93,0.82233
326.9,234.52,444.62,352.24,0.75006
335.18,239.98,449.14,353.94,0.77877
338.19,233.33,450.95,346.1,0.71936
339.59,241.3,453.83,355.54,0.69997
343.02,236.45,456.18,349.6,0.70955
344.14,238.36,457.19,351.41,0.69089
346.25,240.35,457.89,351.99,0.676
345.94,241.18,459.11,354.35,0.6988
345.24,239.64,460.92,355.32,0.92437
346.01,236.96,461.78,352.73,0.87559
347.33,243.57,461.94,358.18,0.77464
316.25,215.75,432.5,332,0.70261
344.71,234.71,434.57,324.57,0.68887
339.56,236.19,431.88,328.5,0.63425
NaN,NaN,NaN,NaN,NaN
332,194.33,421.67,284,0.6748
320.76,202.3,413.88,295.42,0.73597
307.58,208.75,403,304.17,0.69259
311.19,213.63,411.31,313.74,0.77202
306.41,193.09,414.95,301.64,0.70566
308.63,190.25,417.58,299.2,0.7283
309.11,184.66,417.97,293.52,0.79904
308.23,187.71,417.68,297.17,0.78623
312.95,199.73,419.85,306.63,0.806
308.69,201.99,415.94,309.24,0.81814
308.16,209.68,415.69,317.21,0.81761
307.83,200.48,415.05,307.7,0.72388
307.5,203.61,415.62,311.72,0.74665
307.26,206.65,415.39,314.78,0.76383
306.67,204.85,415.02,313.2,0.76785
306.18,207.23,415.53,316.58,0.78597
302.15,207.91,414.94,320.69,0.84199
306.98,214.51,420.19,327.72,0.75671
304.92,211.2,415.89,322.17,0.8527
296.41,225.82,412.43,341.84,0.83168
297.86,224.41,414.17,340.72,0.75863
286.17,221.04,412.74,347.6,0.79818
286.57,227.44,420.48,361.35,0.83639
280.93,226.77,416.12,361.97,0.81021
286.88,228.02,421.67,362.81,0.85492
286.98,223.37,422.39,358.78,0.78731
286.66,221.08,424.17,358.58,0.71636
287.01,219.97,423.46,356.41,0.77168
289.78,227.82,425.98,364.03,0.79923
290.39,222.37,425.71,357.69,0.83097
293.29,227.31,427.59,361.61,0.84807
296.41,230.16,430.59,364.34,0.86426
299.46,228.84,431.44,360.82,0.82148
