309,156,390,219,1
309.42,155.75,387.99,216.95,0.97802
312.98,152.79,390.95,213.63,0.91712
311.32,152.72,387.12,212,0.91661
310.09,153.87,386.83,213.84,0.93454
312.22,153.86,388.13,213.25,0.94631
316.44,153.53,392.05,212.7,0.91631
316.93,154.65,392.25,213.6,0.87878
316.17,156.9,390.19,214.92,0.90294
315.03,156.21,389.87,214.8,0.87924
318.44,155.81,392.18,213.6,0.88927
317.28,156.36,390.97,214.15,0.8535
315.1,158.13,388.01,215.33,0.81212
315.54,156.99,389.3,214.83,0.80627
319.37,155.53,392.8,213.14,0.79827
319.28,156.29,392.79,213.95,0.79666
315.68,157.07,389.17,214.71,0.79222
315.54,156.96,389.21,214.72,0.794
315.59,157.84,389.82,216.03,0.84288
313.92,158.23,387.73,216.1,0.85255
312.54,160.61,385.24,217.64,0.86595
312.92,162.21,385.32,219.05,0.85671
318.76,162.53,390.75,219.07,0.89115
319.2,164.39,391.65,221.27,0.92364
316.2,163.8,389.5,221.32,0.91447
318.03,165.51,390.23,222.18,0.84709
321.09,171.97,390.51,226.54,0.80269
323.03,176.77,396.34,234.34,0.78029
317.06,177.77,397.2,240.71,0.56251
307.91,186.15,400.86,259.1,0.66724
310.3,184.95,403.87,258.39,0.66856
307.6,180.58,402.53,254.88,0.66418
301.83,168.99,399.33,245.23,0.54893
306.19,167.37,395.23,236.79,0.57905
307.79,170.77,399.54,242.26,0.65147
309.22,172.68,397.7,241.54,0.66423
309.8,172.42,395.96,239.44,0.63005
311.81,170.51,390.92,232.15,0.65727
314.43,170.5,388.83,228.67,0.65869
312.6,171.87,387.77,230.69,0.61019
310.32,171.99,383.45,229.33,0.54622
308.84,169.6,381.86,226.88,0.58121
315.5,162.67,387.39,219.14,0.58928
319.2,161.63,392.3,219,0.47738
315.57,165.07,397.54,229.37,0.42614
315.53,165.38,399.38,231.11,0.47471
316.44,161.86,402.97,229.69,0.55637
315.69,159.26,402.81,227.57,0.44635
313.57,159.75,402.83,229.74,0.38477
314.32,157.97,404.14,228.4,0.37091
316.22,156.57,406.19,227.12,0.38979
322.78,147.87,419.09,223.4,0.3346
420.5,142,487.5,195,0.55343
423.76,142.73,489.03,194.36,0.54396
427.97,140.85,489,189.12,0.58127
426.88,140.66,487.72,188.77,0.5878
416,140.88,488.65,198.36,0.53041
409.16,146.51,484.5,206.13,0.50421
404.04,148.76,483.93,212,0.4534
382.14,136.63,481.13,215.04,0.39068
378.07,130.41,480.16,211.27,0.39942
376.87,127.97,478.87,208.76,0.38095
380.73,134.82,483.55,216.27,0.35263
381.87,135.87,483.74,216.56,0.35659
385.88,143.05,483.23,220.15,0.26597
NaN,NaN,NaN,NaN,NaN
NaN,NaN,NaN,NaN,NaN
418,132,485,185,0.50479
417.62,127.61,486.81,182.21,0.51272
418.02,124.15,488.19,179.46,0.49328
419.86,119.06,489.86,174.25,0.49748
419.07,116.63,490.75,173.15,0.49683
419.29,116.83,490.86,173.25,0.50184
420.49,116.74,490.66,172.06,0.5046
420.58,110.76,491.19,166.42,0.49876
422.31,109.07,491.49,163.61,0.51294
421.23,105.26,490.91,160.19,0.52572
423.01,103.51,492,157.9,0.52289
425.67,105.56,494.48,159.82,0.51331
426.95,110.2,496.48,165.02,0.52176
426.58,114.11,495.11,168.15,0.50446
427.04,114.95,495.13,168.63,0.51439
430.3,120.48,498.6,174.37,0.51212
431.2,122.13,499.71,176.21,0.49934
432.76,126.64,501.18,180.68,0.50336
432.5,133.64,501.39,188.06,0.5075
433.64,141.94,502.54,196.32,0.51067
435.03,143.84,503.14,197.61,0.52671
435.96,147.11,502.99,200.01,0.52998
435.79,154.17,503.01,207.22,0.52624
435.62,158.19,503.23,211.56,0.51831
433.73,165.16,502.25,219.24,0.52294
429.57,169.06,499.73,224.44,0.5314
427.22,171.78,498.36,227.95,0.53626
422.87,176.49,495.12,233.53,0.52846
425.43,177.72,497.94,234.97,0.53198
421.72,176.46,496.9,235.83,0.54663
421.19,176.38,496.68,235.98,0.55461
422.7,175.72,497.81,235.03,0.55706
427.23,175.77,501.38,234.31,0.55442
427.24,177.36,501.42,235.93,0.55933
426.58,179.97,500.58,238.4,0.54635
424.92,177.42,501.51,237.9,0.5635
424.17,176.83,501.43,237.84,0.57284
420.99,177.97,499.29,239.55,0.57478
420.04,179.35,498.89,241.23,0.58377
420.44,179.87,499.38,241.83,0.58446
419.8,177.8,500.91,241.47,0.58542
419.06,178.77,500.68,242.83,0.57786
415.73,181.79,498.26,246.57,0.57943
414.34,182.14,498.62,248.31,0.56537
410.63,181.14,497.41,249.27,0.5596
407.54,180.82,497.79,251.49,0.54999
406.03,180.22,496.19,250.78,0.56512
403.11,180.36,493.19,250.77,0.57996
395.34,181.67,487.23,253.5,0.57427
393.17,183.24,485.01,255.03,0.56601
393.57,179.99,483.71,250.4,0.55756
394.31,179.67,483.42,249.18,0.56633
391.75,175.99,481.37,245.8,0.56719
387.5,173.68,479.4,245.19,0.57102
388.08,171.3,480.53,243.24,0.56707
385.15,167.92,476.99,239.33,0.57182
385.67,170.42,477.35,241.69,0.56038
382.96,173.76,473.35,244.01,0.55875
382.23,175.4,471.81,245.01,0.55655
381.48,176.31,472.06,246.67,0.55316
380.5,178.89,470.81,249.03,0.56053
379.49,182.16,470.02,252.46,0.56351
380.37,181.75,470.59,251.8,0.56471
379.49,181.98,468.57,251.16,0.56228
375.21,182.02,465.61,252.23,0.54162
367.57,182.93,458.47,253.54,0.53949
363.87,183.9,453.72,253.71,0.50153
360.09,178.56,452.45,250.3,0.54684
354.74,173.53,447.9,245.88,0.60683
345.93,167.28,441.18,241.25,0.59943
342.77,168.2,439.76,243.52,0.60691
287,164,385,240,0.70635
285.06,164.14,380.53,238.17,0.68664
282.43,162.02,374.66,233.56,0.67199
280.64,162.33,371.07,232.48,0.66723
281.87,162.05,371.32,231.46,0.64255
299.5,151,416.5,243,0.62365
300.47,147.86,413.45,236.62,0.58418
301.58,147.33,413.85,235.44,0.59333
301.23,146.97,412.61,234.37,0.60029
300.45,147.26,412.15,234.86,0.58393
297.55,149.9,408.68,236.98,0.59989
296.88,149.42,407.62,236.19,0.60426
296.49,149.62,408.59,237.51,0.61568
296.5,166.5,348,206.5,0.6645
292.18,168.38,344.26,208.74,0.70189
290.18,166.87,346.41,210.57,0.74585
290.86,165.99,346.07,208.96,0.67919
291.01,167.14,345.03,209.2,0.67506
291.78,168.24,343.94,208.87,0.63434
292.34,168.59,343.45,208.32,0.56739
292.61,165.59,341.33,203.39,0.57361
290.02,165.52,339.79,204.12,0.5215
287,165,368,228,0.58688
285.69,166.95,364.01,228.04,0.61869
283.96,167.79,363.68,229.92,0.64406
284.61,167.54,363.95,229.41,0.65775
284.97,165.94,362.54,226.5,0.65883
284.91,169.7,361.71,229.69,0.69115
284.54,169.64,360.34,228.88,0.65947
283.09,169.09,359.27,228.61,0.62716
283.95,170.45,359.7,229.63,0.66113
282.75,172.35,359.46,232.27,0.67111
283.21,173.2,356.99,230.83,0.65363
282.78,170.89,355.38,227.6,0.63289
283.19,169.48,357.53,227.5,0.6388
285.3,170.87,360.37,229.46,0.65215
285.4,169.67,360.68,228.39,0.63841
285.33,171.11,360.97,230.11,0.65023
286.12,171.12,362.15,230.43,0.65041
286.22,168.25,361.06,226.62,0.62608
286.02,169.24,360.02,226.96,0.62064
285.11,170.91,359.94,229.26,0.61789
284.34,170.54,358.99,228.75,0.62913
286.82,169.56,361.95,228.21,0.63023
286.81,167.42,361.95,226.09,0.62211
285.75,169.97,361.43,229.06,0.63303
285.29,170.23,360.64,229.06,0.61185
286.09,171.41,362.4,230.97,0.63234
286.31,170.83,362.78,230.58,0.6484
287.31,169.8,363.03,228.94,0.62747
288.15,173.05,364.93,233.01,0.6204
287.62,171.11,363.45,230.33,0.63134
287.85,170.87,366,231.91,0.64135
289.02,170.26,366.69,230.92,0.64244
286.9,169.24,363.35,228.94,0.60283
285.33,165.98,359.22,223.67,0.4861
284.42,159.83,350.36,211.3,0.36257
285.58,157.63,347.78,206.17,0.37223
287.32,156.36,345.22,201.53,0.40006
286.84,157.24,340.96,199.44,0.40218
285.11,155.07,339.21,197.26,0.39252
283.55,149,336.94,190.63,0.35921
280.18,142,334.3,184.2,0.37573
278,138.98,333.69,182.42,0.40157
274.21,130.63,331.83,175.58,0.42557
273.46,121.84,332.86,168.18,0.4251
270.76,117.12,331.08,164.18,0.42295
266.8,110.72,327.97,158.45,0.42113
266.39,110.08,328.21,158.32,0.42495
265.64,107.26,327.46,155.49,0.42654
268.6,107.12,330.49,155.41,0.4257
269.8,105.91,327.67,151.04,0.42219
269.79,107.7,327.14,152.43,0.41383
270.63,109.56,328.93,155.04,0.42068
270.66,107.02,328.87,152.44,0.41581
276.32,101.77,337.13,149.22,0.38136
NaN,NaN,NaN,NaN,NaN
NaN,NaN,NaN,NaN,NaN
NaN,NaN,NaN,NaN,NaN
NaN,NaN,NaN,NaN,NaN
NaN,NaN,NaN,NaN,NaN
NaN,NaN,NaN,NaN,NaN
NaN,NaN,NaN,NaN,NaN
NaN,NaN,NaN,NaN,NaN
NaN,NaN,NaN,NaN,NaN
NaN,NaN,NaN,NaN,NaN
NaN,NaN,NaN,NaN,NaN
NaN,NaN,NaN,NaN,NaN
NaN,NaN,NaN,NaN,NaN
NaN,NaN,NaN,NaN,NaN
NaN,NaN,NaN,NaN,NaN
NaN,NaN,NaN,NaN,NaN
NaN,NaN,NaN,NaN,NaN
NaN,NaN,NaN,NaN,NaN
NaN,NaN,NaN,NaN,NaN
NaN,NaN,NaN,NaN,NaN
NaN,NaN,NaN,NaN,NaN
NaN,NaN,NaN,NaN,NaN
NaN,NaN,NaN,NaN,NaN
NaN,NaN,NaN,NaN,NaN
NaN,NaN,NaN,NaN,NaN
NaN,NaN,NaN,NaN,NaN
296,156,377,219,0.58824
290.31,156.93,379.36,226.17,0.50958
286.7,157.28,382.13,231.51,0.45618
288.26,160.5,384.43,235.28,0.45956
288.58,161.97,383.03,235.38,0.5063
289.6,153.88,378.57,223.01,0.4873
291.12,151.26,380.54,220.75,0.4894
295.3,150.92,385.27,220.84,0.44012
293.32,151.05,385.8,222.92,0.42039
294.1,151.78,384.41,221.98,0.3827
296.8,151.76,385.47,220.68,0.37524
299.95,150.28,387.77,218.55,0.37854
297.47,149.69,379.66,213.57,0.31241
293.86,150.57,369.23,209.22,0.34511
295,173,351,217,0.65076
296.13,173.29,351.7,216.95,0.59659
289.28,174.92,349.11,221.94,0.54668
285.77,177.4,344.6,223.64,0.47688
285.14,178.14,342.97,223.58,0.46442
285.17,176.45,342.6,221.57,0.48683
285.56,170.98,341.33,214.8,0.5281
285.44,170.5,341.2,214.3,0.53932
286.08,171.89,342.49,216.21,0.52243
286.54,172.37,341.99,215.94,0.53697
287.81,168.95,343.87,212.99,0.51563
287.84,169.32,344.41,213.76,0.52461
287.4,170.6,343.68,214.81,0.50574
287.17,171.1,342.74,214.76,0.51087
286.56,164.7,335.69,203.28,0.51093
276.39,147.86,329.22,189.36,0.44396
273.28,147.38,326.61,189.27,0.42911
270.07,142.92,327.86,188.33,0.3974
295,182,321,203,0.58969
298.27,172.31,324.13,193.2,0.36281
296.34,158.78,327.54,184.01,0.41148
NaN,NaN,NaN,NaN,NaN
NaN,NaN,NaN,NaN,NaN
NaN,NaN,NaN,NaN,NaN
NaN,NaN,NaN,NaN,NaN
NaN,NaN,NaN,NaN,NaN
NaN,NaN,NaN,NaN,NaN
NaN,NaN,NaN,NaN,NaN
NaN,NaN,NaN,NaN,NaN
NaN,NaN,NaN,NaN,NaN
NaN,NaN,NaN,NaN,NaN
NaN,NaN,NaN,NaN,NaN
NaN,NaN,NaN,NaN,NaN
NaN,NaN,NaN,NaN,NaN
NaN,NaN,NaN,NaN,NaN
NaN,NaN,NaN,NaN,NaN
NaN,NaN,NaN,NaN,NaN
NaN,NaN,NaN,NaN,NaN
NaN,NaN,NaN,NaN,NaN
NaN,NaN,NaN,NaN,NaN
NaN,NaN,NaN,NaN,NaN
NaN,NaN,NaN,NaN,NaN
NaN,NaN,NaN,NaN,NaN
NaN,NaN,NaN,NaN,NaN
NaN,NaN,NaN,NaN,NaN
NaN,NaN,NaN,NaN,NaN
NaN,NaN,NaN,NaN,NaN
NaN,NaN,NaN,NaN,NaN
NaN,NaN,NaN,NaN,NaN
NaN,NaN,NaN,NaN,NaN
NaN,NaN,NaN,NaN,NaN
NaN,NaN,NaN,NaN,NaN
NaN,NaN,NaN,NaN,NaN
NaN,NaN,NaN,NaN,NaN
NaN,NaN,NaN,NaN,NaN
NaN,NaN,NaN,NaN,NaN
NaN,NaN,NaN,NaN,NaN
NaN,NaN,NaN,NaN,NaN
272,151,389,243,0.63539
273.89,151.28,393.55,245.38,0.69208
275.26,152.47,399.09,249.84,0.63469
279.12,153.08,401.7,249.47,0.59074
280.83,153.96,402.44,249.59,0.66929
283.17,153.41,404.91,249.15,0.7067
283.35,153.16,404.95,248.79,0.61719
288.15,149.06,408.15,243.35,0.57134
293.47,141.42,411.83,234.41,0.47181
295.48,135.77,415.87,230.37,0.45991
298.36,134.63,421.63,231.5,0.45357
315.87,138.08,426.92,225.32,0.48507
323.73,138.52,431.97,223.55,0.47917
329.14,138.04,434.23,220.58,0.49107
332.66,135.87,435.68,216.79,0.50006
336.91,121.2,434.37,197.73,0.48844
337.35,119.33,436.54,197.23,0.48506
338.58,119.4,435.47,195.48,0.48805
335,117.76,435.62,196.79,0.49587
329.19,114.81,434.08,197.21,0.49817
327.04,115.14,430.35,196.28,0.47955
324.43,112.7,426.99,193.25,0.47193
326.65,114.96,426.2,193.14,0.45852
329.77,119.21,428.93,197.08,0.46069
328.58,120.67,432.08,201.97,0.45485
330.35,120.2,435.53,202.82,0.44586
330.04,116.65,435.41,199.42,0.43334
329.99,116.83,436.27,200.31,0.43502
329.17,118.94,437.74,204.22,0.44051
334.15,125.19,437.08,206.03,0.42176
336.88,124.43,437.18,203.21,0.42746
337.15,123.09,436.2,200.89,0.4309
337.71,122.92,436.69,200.66,0.44977
337.17,121.79,438.49,201.37,0.46389
336.87,119.56,438.47,199.36,0.47609
338.25,116.44,436.65,193.71,0.46885
340.28,113.65,435.02,188.04,0.45359
339.7,116.57,436.45,192.55,0.45219
339.93,116.63,436.63,192.57,0.44764
342.45,117.37,439.09,193.26,0.44739
343.54,116.37,440.33,192.38,0.43812
339.22,115.77,440.28,195.14,0.43104
338.36,115.23,441.49,196.22,0.42605
338.26,112.86,438.7,191.75,0.42562
339.52,110.97,438.95,189.06,0.42065
338.64,106.27,437.74,184.1,0.42796
338.47,102.15,438.53,180.74,0.42906
334.26,99.642,441.82,184.13,0.4187
332.49,97.357,441.77,183.2,0.43853
332.26,96.268,443.65,183.78,0.44289
332.14,96.492,443.9,184.29,0.44374
333.73,100.35,448.84,190.79,0.43197
333.63,100.78,448.3,190.87,0.42231
334.08,98.637,448.77,188.74,0.41579
334.38,96.336,449.19,186.53,0.41935
333.75,94.518,448.09,184.35,0.42633
328.26,96.87,451.47,193.69,0.42312
327.31,100.38,454.97,200.7,0.43587
327.14,102.15,456.88,204.11,0.44424
326.18,105.95,455.61,207.66,0.44464
328.81,112.35,459.4,214.98,0.44245
328.49,113.82,459.58,216.84,0.44204
328.46,115.18,460.28,218.77,0.439
327.39,112.26,458.94,215.65,0.43345
323.56,111.18,454.93,214.42,0.43149
322.68,110.24,455.77,214.83,0.43187
318.78,106.32,455.85,214.05,0.41964
318.25,104.62,455.6,212.57,0.41848
316.71,102.61,454.68,211.05,0.41376
317.07,104.44,454.04,212.1,0.41532
318.97,106.48,453.69,212.36,0.42025
319.23,106.94,452.43,211.63,0.42002
319.87,107.33,452.28,211.39,0.41938
320.8,107.33,451.17,209.79,0.42188
320.79,105.02,451.1,207.42,0.41902
320.35,104.56,451.19,207.38,0.42017
320.63,103.84,451.66,206.81,0.41469
318.82,105.07,448.52,206.99,0.41558
321.67,105.41,451.55,207.48,0.41428
324.74,106.59,453.43,207.72,0.4115
327.93,108.33,452.09,205.9,0.42059
333,109.85,452.67,203.87,0.4156
341.67,107.83,460.1,200.88,0.40011
351.45,110.64,465.3,200.09,0.40725
353.1,112.37,468.05,202.68,0.40701
356.98,115.64,472.95,206.76,0.4072
358.42,117.2,476.59,210.04,0.41578
358.84,116.03,480.2,211.38,0.42312
358.67,114.86,482.3,212.01,0.42319
359.81,114.78,484.1,212.44,0.41589
